timestamp,operator_name,device_id,battery_level,latitude,longitude,city_code,city_name
2026-06-15T11:05:08+09:00,ALPACA,425055,30.0,36.32547,127.348305,12,세종특별시
2026-06-15T11:05:08+09:00,ALPACA,425373,39.0,36.326492,127.33874,12,세종특별시
2026-06-15T11:05:08+09:00,ALPACA,425451,31.0,36.32762,127.33943,12,세종특별시
2026-06-15T11:05:08+09:00,ALPACA,424720,48.0,36.33012,127.34353,12,세종특별시
2026-06-15T11:05:08+09:00,ALPACA,425050,100.0,36.330578,127.340164,12,세종특별시
2026-06-15T11:05:08+09:00,ALPACA,425455,49.0,36.336636,127.33467,12,세종특별시
2026-06-15T11:05:08+09:00,ALPACA,425975,62.0,36.338486,127.34279,12,세종특별시
2026-06-15T11:05:08+09:00,ALPACA,425413,62.0,36.338505,127.33282,12,세종특별시
2026-06-15T11:05:08+09:00,ALPACA,424952,46.0,36.339375,127.34195,12,세종특별시
2026-06-15T11:05:08+09:00,ALPACA,425006,38.0,36.339462,127.34202,12,세종특별시
2026-06-15T11:05:08+09:00,ALPACA,424743,82.0,36.339527,127.342,12,세종특별시
2026-06-15T11:05:08+09:00,ALPACA,424714,55.0,36.340332,127.34499,12,세종특별시
2026-06-15T11:05:08+09:00,ALPACA,425212,34.0,36.341503,127.33795,12,세종특별시
2026-06-15T11:05:08+09:00,ALPACA,425061,76.0,36.341545,127.34444,12,세종특별시
2026-06-15T11:05:08+09:00,ALPACA,425057,52.0,36.341568,127.34428,12,세종특별시
2026-06-15T11:05:08+09:00,ALPACA,424770,77.0,36.34157,127.34442,12,세종특별시
2026-06-15T11:05:08+09:00,ALPACA,424908,77.0,36.34158,127.34444,12,세종특별시
2026-06-15T11:05:08+09:00,ALPACA,424920,49.0,36.341583,127.34441,12,세종특별시
2026-06-15T11:05:08+09:00,ALPACA,424350,47.0,36.34164,127.33769,12,세종특별시
2026-06-15T11:05:08+09:00,ALPACA,424710,79.0,36.34184,127.34715,12,세종특별시
2026-06-15T11:05:08+09:00,ALPACA,425679,41.0,36.342346,127.340965,12,세종특별시
2026-06-15T11:05:08+09:00,ALPACA,425476,97.0,36.342384,127.34097,12,세종특별시
2026-06-15T11:05:08+09:00,ALPACA,425126,97.0,36.342384,127.34094,12,세종특별시
2026-06-15T11:05:08+09:00,ALPACA,424450,54.0,36.34246,127.34149,12,세종특별시
2026-06-15T11:05:08+09:00,ALPACA,424868,64.0,36.3427,127.339806,12,세종특별시
2026-06-15T11:05:08+09:00,ALPACA,424324,54.0,36.342773,127.33894,12,세종특별시
2026-06-15T11:05:08+09:00,ALPACA,424404,40.0,36.34278,127.3389,12,세종특별시
2026-06-15T11:05:08+09:00,ALPACA,424432,73.0,36.342785,127.33886,12,세종특별시
2026-06-15T11:05:08+09:00,ALPACA,424501,76.0,36.342796,127.338936,12,세종특별시
2026-06-15T11:05:08+09:00,ALPACA,424402,87.0,36.3428,127.33888,12,세종특별시
2026-06-15T11:05:08+09:00,ALPACA,424486,79.0,36.342808,127.3389,12,세종특별시
2026-06-15T11:05:08+09:00,ALPACA,424358,78.0,36.34281,127.33892,12,세종특별시
2026-06-15T11:05:08+09:00,ALPACA,424568,51.0,36.34281,127.33892,12,세종특별시
2026-06-15T11:05:08+09:00,ALPACA,424165,52.0,36.34282,127.337494,12,세종특별시
2026-06-15T11:05:08+09:00,ALPACA,424367,78.0,36.34282,127.3389,12,세종특별시
2026-06-15T11:05:08+09:00,ALPACA,425094,50.0,36.34283,127.3441,12,세종특별시
2026-06-15T11:05:08+09:00,ALPACA,424517,65.0,36.342922,127.344,12,세종특별시
2026-06-15T11:05:08+09:00,ALPACA,424839,64.0,36.342976,127.33981,12,세종특별시
2026-06-15T11:05:08+09:00,ALPACA,425238,54.0,36.343094,127.3444,12,세종특별시
2026-06-15T11:05:08+09:00,ALPACA,424425,40.0,36.34312,127.33904,12,세종특별시
2026-06-15T11:05:08+09:00,ALPACA,424508,33.0,36.34314,127.33361,12,세종특별시
2026-06-15T11:05:08+09:00,ALPACA,424544,57.0,36.3432,127.339165,12,세종특별시
2026-06-15T11:05:08+09:00,ALPACA,425151,59.0,36.34334,127.34419,12,세종특별시
2026-06-15T11:05:08+09:00,ALPACA,425383,59.0,36.343346,127.34419,12,세종특별시
2026-06-15T11:05:08+09:00,ALPACA,425524,53.0,36.343357,127.34417,12,세종특별시
2026-06-15T11:05:08+09:00,ALPACA,424787,81.0,36.34337,127.34419,12,세종특별시
2026-06-15T11:05:08+09:00,ALPACA,425112,68.0,36.343372,127.34417,12,세종특별시
2026-06-15T11:05:08+09:00,ALPACA,424897,50.0,36.34348,127.33816,12,세종특별시
2026-06-15T11:05:08+09:00,ALPACA,424709,71.0,36.343708,127.34429,12,세종특별시
2026-06-15T11:05:08+09:00,ALPACA,425677,67.0,36.34379,127.382706,12,세종특별시
2026-06-15T11:05:08+09:00,ALPACA,424707,51.0,36.344,127.34178,12,세종특별시
2026-06-15T11:05:08+09:00,ALPACA,424506,55.0,36.34425,127.33572,12,세종특별시
2026-06-15T11:05:08+09:00,ALPACA,425695,55.0,36.34427,127.34741,12,세종특별시
2026-06-15T11:05:08+09:00,ALPACA,425000,48.0,36.344334,127.34692,12,세종특별시
2026-06-15T11:05:08+09:00,ALPACA,425197,43.0,36.34453,127.33241,12,세종특별시
2026-06-15T11:05:08+09:00,ALPACA,424124,75.0,36.344643,127.33933,12,세종특별시
2026-06-15T11:05:08+09:00,ALPACA,424372,38.0,36.34483,127.34741,12,세종특별시
2026-06-15T11:05:08+09:00,ALPACA,425142,31.0,36.34541,127.32393,12,세종특별시
2026-06-15T11:05:08+09:00,ALPACA,425355,63.0,36.345676,127.33903,12,세종특별시
2026-06-15T11:05:08+09:00,ALPACA,425002,37.0,36.345753,127.337074,12,세종특별시
2026-06-15T11:05:08+09:00,ALPACA,424664,96.0,36.346123,127.34138,12,세종특별시
2026-06-15T11:05:08+09:00,ALPACA,425699,69.0,36.346195,127.33606,12,세종특별시
2026-06-15T11:05:08+09:00,ALPACA,424704,61.0,36.3468,127.33569,12,세종특별시
2026-06-15T11:05:08+09:00,ALPACA,425458,33.0,36.346813,127.33569,12,세종특별시
2026-06-15T11:05:08+09:00,ALPACA,425152,58.0,36.34684,127.33569,12,세종특별시
2026-06-15T11:05:08+09:00,ALPACA,424383,30.0,36.346848,127.3357,12,세종특별시
2026-06-15T11:05:08+09:00,ALPACA,425270,78.0,36.34685,127.335724,12,세종특별시
2026-06-15T11:05:08+09:00,ALPACA,424449,34.0,36.346855,127.335686,12,세종특별시
2026-06-15T11:05:08+09:00,ALPACA,425397,42.0,36.34703,127.33079,12,세종특별시
2026-06-15T11:05:08+09:00,ALPACA,425375,52.0,36.34705,127.33089,12,세종특별시
2026-06-15T11:05:08+09:00,ALPACA,424863,56.0,36.34708,127.34418,12,세종특별시
2026-06-15T11:05:08+09:00,ALPACA,425321,46.0,36.34708,127.33897,12,세종특별시
2026-06-15T11:05:08+09:00,ALPACA,425034,48.0,36.347115,127.33427,12,세종특별시
2026-06-15T11:05:08+09:00,ALPACA,424769,55.0,36.34713,127.340744,12,세종특별시
2026-06-15T11:05:08+09:00,ALPACA,425537,49.0,36.347977,127.34169,12,세종특별시
2026-06-15T11:05:08+09:00,ALPACA,425376,68.0,36.348225,127.33536,12,세종특별시
2026-06-15T11:05:08+09:00,ALPACA,424617,55.0,36.348232,127.331154,12,세종특별시
2026-06-15T11:05:08+09:00,ALPACA,425320,31.0,36.348244,127.33526,12,세종특별시
2026-06-15T11:05:08+09:00,ALPACA,425036,42.0,36.348267,127.33569,12,세종특별시
2026-06-15T11:05:08+09:00,ALPACA,424357,82.0,36.348293,127.335205,12,세종특별시
2026-06-15T11:05:08+09:00,ALPACA,426463,37.0,36.348343,127.33219,12,세종특별시
2026-06-15T11:05:08+09:00,ALPACA,424939,47.0,36.348362,127.33257,12,세종특별시
2026-06-15T11:05:08+09:00,ALPACA,425095,42.0,36.348408,127.33114,12,세종특별시
2026-06-15T11:05:08+09:00,ALPACA,425683,67.0,36.348576,127.33992,12,세종특별시
2026-06-15T11:05:08+09:00,ALPACA,425509,66.0,36.34864,127.33996,12,세종특별시
2026-06-15T11:05:08+09:00,ALPACA,425546,67.0,36.348648,127.339935,12,세종특별시
2026-06-15T11:05:08+09:00,ALPACA,425285,59.0,36.34868,127.335335,12,세종특별시
2026-06-15T11:05:08+09:00,ALPACA,425746,34.0,36.34869,127.339935,12,세종특별시
2026-06-15T11:05:08+09:00,ALPACA,425343,34.0,36.348724,127.3327,12,세종특별시
2026-06-15T11:05:08+09:00,ALPACA,425754,43.0,36.348732,127.33499,12,세종특별시
2026-06-15T11:05:08+09:00,ALPACA,424829,53.0,36.34877,127.32756,12,세종특별시
2026-06-15T11:05:08+09:00,ALPACA,424999,38.0,36.34963,127.33635,12,세종특별시
2026-06-15T11:05:08+09:00,ALPACA,424989,54.0,36.349663,127.336586,12,세종특별시
2026-06-15T11:05:08+09:00,ALPACA,426276,41.0,36.349823,127.38254,12,세종특별시
2026-06-15T11:05:08+09:00,ALPACA,424446,79.0,36.349888,127.33428,12,세종특별시
2026-06-15T11:05:08+09:00,ALPACA,425274,45.0,36.350433,127.329445,12,세종특별시
2026-06-15T11:05:08+09:00,ALPACA,425205,68.0,36.35046,127.34865,12,세종특별시
2026-06-15T11:05:08+09:00,ALPACA,425681,73.0,36.35048,127.32943,12,세종특별시
2026-06-15T11:05:08+09:00,ALPACA,425370,51.0,36.35068,127.33554,12,세종특별시
2026-06-15T11:05:08+09:00,ALPACA,423582,53.0,36.350746,127.33879,12,세종특별시
2026-06-15T11:05:08+09:00,ALPACA,426375,99.0,36.35077,127.3544,12,세종특별시
2026-06-15T11:05:08+09:00,ALPACA,424890,89.0,36.35124,127.33933,12,세종특별시
2026-06-15T11:05:08+09:00,ALPACA,425398,53.0,36.35127,127.33036,12,세종특별시
2026-06-15T11:05:08+09:00,ALPACA,425250,81.0,36.351402,127.332756,12,세종특별시
2026-06-15T11:05:08+09:00,ALPACA,425178,54.0,36.351433,127.35114,12,세종특별시
2026-06-15T11:05:08+09:00,ALPACA,425037,78.0,36.351437,127.33275,12,세종특별시
2026-06-15T11:05:08+09:00,ALPACA,425272,46.0,36.351517,127.34447,12,세종특별시
2026-06-15T11:05:08+09:00,ALPACA,425279,44.0,36.35155,127.3445,12,세종특별시
2026-06-15T11:05:08+09:00,ALPACA,425166,53.0,36.35158,127.34449,12,세종특별시
2026-06-15T11:05:08+09:00,ALPACA,425431,48.0,36.351585,127.34447,12,세종특별시
2026-06-15T11:05:08+09:00,ALPACA,425463,46.0,36.351597,127.34452,12,세종특별시
2026-06-15T11:05:08+09:00,ALPACA,425338,45.0,36.351597,127.346924,12,세종특별시
2026-06-15T11:05:08+09:00,ALPACA,426232,97.0,36.35173,127.34654,12,세종특별시
2026-06-15T11:05:08+09:00,ALPACA,425181,50.0,36.351772,127.34651,12,세종특별시
2026-06-15T11:05:08+09:00,ALPACA,425634,96.0,36.351948,127.34456,12,세종특별시
2026-06-15T11:05:08+09:00,ALPACA,425405,79.0,36.351967,127.33053,12,세종특별시
2026-06-15T11:05:08+09:00,ALPACA,425428,53.0,36.351982,127.33056,12,세종특별시
2026-06-15T11:05:08+09:00,ALPACA,424679,55.0,36.351986,127.33054,12,세종특별시
2026-06-15T11:05:08+09:00,ALPACA,425392,79.0,36.35199,127.33057,12,세종특별시
2026-06-15T11:05:08+09:00,ALPACA,424875,78.0,36.352005,127.33059,12,세종특별시
2026-06-15T11:05:08+09:00,ALPACA,424848,58.0,36.352013,127.337074,12,세종특별시
2026-06-15T11:05:08+09:00,ALPACA,424531,43.0,36.352016,127.33705,12,세종특별시
2026-06-15T11:05:08+09:00,ALPACA,424790,83.0,36.35203,127.33708,12,세종특별시
2026-06-15T11:05:08+09:00,ALPACA,425330,54.0,36.352066,127.34851,12,세종특별시
2026-06-15T11:05:08+09:00,ALPACA,425532,42.0,36.35213,127.34611,12,세종특별시
2026-06-15T11:05:08+09:00,ALPACA,424667,57.0,36.352142,127.341324,12,세종특별시
2026-06-15T11:05:08+09:00,ALPACA,425724,32.0,36.352177,127.333824,12,세종특별시
2026-06-15T11:05:08+09:00,ALPACA,425337,83.0,36.352417,127.37541,12,세종특별시
2026-06-15T11:05:08+09:00,ALPACA,424435,58.0,36.352432,127.341324,12,세종특별시
2026-06-15T11:05:08+09:00,ALPACA,424205,49.0,36.352486,127.33277,12,세종특별시
2026-06-15T11:05:08+09:00,ALPACA,424972,37.0,36.35249,127.344025,12,세종특별시
2026-06-15T11:05:08+09:00,ALPACA,424420,83.0,36.35261,127.33354,12,세종특별시
2026-06-15T11:05:08+09:00,ALPACA,425504,75.0,36.352695,127.32905,12,세종특별시
2026-06-15T11:05:08+09:00,ALPACA,423869,60.0,36.352776,127.33581,12,세종특별시
2026-06-15T11:05:08+09:00,ALPACA,424379,100.0,36.352863,127.37431,12,세종특별시
2026-06-15T11:05:08+09:00,ALPACA,424955,98.0,36.352867,127.37439,12,세종특별시
2026-06-15T11:05:08+09:00,ALPACA,424978,83.0,36.352875,127.37447,12,세종특별시
2026-06-15T11:05:08+09:00,ALPACA,425535,98.0,36.35288,127.374374,12,세종특별시
2026-06-15T11:05:08+09:00,ALPACA,424490,100.0,36.352882,127.37442,12,세종특별시
2026-06-15T11:05:08+09:00,ALPACA,424575,100.0,36.352882,127.37443,12,세종특별시
2026-06-15T11:05:08+09:00,ALPACA,425234,100.0,36.352882,127.37444,12,세종특별시
2026-06-15T11:05:08+09:00,ALPACA,426307,87.0,36.352898,127.374405,12,세종특별시
2026-06-15T11:05:08+09:00,ALPACA,424249,100.0,36.3529,127.374405,12,세종특별시
2026-06-15T11:05:08+09:00,ALPACA,424967,100.0,36.352905,127.37436,12,세종특별시
2026-06-15T11:05:08+09:00,ALPACA,425254,100.0,36.352905,127.37443,12,세종특별시
2026-06-15T11:05:08+09:00,ALPACA,425700,85.0,36.352924,127.3744,12,세종특별시
2026-06-15T11:05:08+09:00,ALPACA,425308,95.0,36.352924,127.37443,12,세종특별시
2026-06-15T11:05:08+09:00,ALPACA,424352,100.0,36.35293,127.37446,12,세종특별시
2026-06-15T11:05:08+09:00,ALPACA,425689,51.0,36.353,127.347534,12,세종특별시
2026-06-15T11:05:08+09:00,ALPACA,425508,63.0,36.353073,127.34147,12,세종특별시
2026-06-15T11:05:08+09:00,ALPACA,424609,57.0,36.353096,127.33522,12,세종특별시
2026-06-15T11:05:08+09:00,ALPACA,424430,84.0,36.353127,127.34475,12,세종특별시
2026-06-15T11:05:08+09:00,ALPACA,425351,61.0,36.353138,127.3299,12,세종특별시
2026-06-15T11:05:08+09:00,ALPACA,425435,43.0,36.353153,127.329796,12,세종특별시
2026-06-15T11:05:08+09:00,ALPACA,424343,76.0,36.353153,127.3352,12,세종특별시
2026-06-15T11:05:08+09:00,ALPACA,424772,34.0,36.353165,127.32981,12,세종특별시
2026-06-15T11:05:08+09:00,ALPACA,424347,79.0,36.353172,127.34127,12,세종특별시
2026-06-15T11:05:08+09:00,ALPACA,424581,83.0,36.353172,127.33526,12,세종특별시
2026-06-15T11:05:08+09:00,ALPACA,424498,52.0,36.353188,127.33999,12,세종특별시
2026-06-15T11:05:08+09:00,ALPACA,424364,72.0,36.35328,127.34211,12,세종특별시
2026-06-15T11:05:08+09:00,ALPACA,425698,100.0,36.353283,127.34215,12,세종특별시
2026-06-15T11:05:08+09:00,ALPACA,424348,43.0,36.353287,127.34213,12,세종특별시
2026-06-15T11:05:08+09:00,ALPACA,424412,73.0,36.35329,127.34213,12,세종특별시
2026-06-15T11:05:08+09:00,ALPACA,425738,100.0,36.353306,127.34211,12,세종특별시
2026-06-15T11:05:08+09:00,ALPACA,424437,100.0,36.35331,127.34216,12,세종특별시
2026-06-15T11:05:08+09:00,ALPACA,425016,90.0,36.35331,127.342125,12,세종특별시
2026-06-15T11:05:08+09:00,ALPACA,425499,99.0,36.353313,127.3421,12,세종특별시
2026-06-15T11:05:08+09:00,ALPACA,424447,46.0,36.353333,127.34298,12,세종특별시
2026-06-15T11:05:08+09:00,ALPACA,424465,100.0,36.353336,127.34208,12,세종특별시
2026-06-15T11:05:08+09:00,ALPACA,425432,63.0,36.353344,127.34212,12,세종특별시
2026-06-15T11:05:08+09:00,ALPACA,425229,100.0,36.353344,127.34212,12,세종특별시
2026-06-15T11:05:08+09:00,ALPACA,424431,100.0,36.353386,127.34214,12,세종특별시
2026-06-15T11:05:08+09:00,ALPACA,424296,48.0,36.35341,127.342865,12,세종특별시
2026-06-15T11:05:08+09:00,ALPACA,425420,59.0,36.353436,127.3429,12,세종특별시
2026-06-15T11:05:08+09:00,ALPACA,425682,65.0,36.35344,127.34301,12,세종특별시
2026-06-15T11:05:08+09:00,ALPACA,425984,46.0,36.35345,127.40027,12,세종특별시
2026-06-15T11:05:08+09:00,ALPACA,424414,49.0,36.353455,127.342834,12,세종특별시
2026-06-15T11:05:08+09:00,ALPACA,425726,32.0,36.35346,127.342926,12,세종특별시
2026-06-15T11:05:08+09:00,ALPACA,424627,65.0,36.35346,127.34284,12,세종특별시
2026-06-15T11:05:08+09:00,ALPACA,425739,64.0,36.353477,127.342865,12,세종특별시
2026-06-15T11:05:08+09:00,ALPACA,424334,66.0,36.35349,127.34308,12,세종특별시
2026-06-15T11:05:08+09:00,ALPACA,424453,76.0,36.35353,127.342926,12,세종특별시
2026-06-15T11:05:08+09:00,ALPACA,425327,77.0,36.353535,127.3301,12,세종특별시
2026-06-15T11:05:08+09:00,ALPACA,425219,50.0,36.35354,127.34168,12,세종특별시
2026-06-15T11:05:08+09:00,ALPACA,424615,39.0,36.353783,127.33769,12,세종특별시
2026-06-15T11:05:08+09:00,ALPACA,424365,45.0,36.353848,127.33775,12,세종특별시
2026-06-15T11:05:08+09:00,ALPACA,424426,60.0,36.353985,127.32902,12,세종특별시
2026-06-15T11:05:08+09:00,ALPACA,425445,85.0,36.3541,127.37092,12,세종특별시
2026-06-15T11:05:08+09:00,ALPACA,424631,76.0,36.354164,127.3372,12,세종특별시
2026-06-15T11:05:08+09:00,ALPACA,425346,50.0,36.354313,127.34257,12,세종특별시
2026-06-15T11:05:08+09:00,ALPACA,424155,42.0,36.354412,127.34485,12,세종특별시
2026-06-15T11:05:08+09:00,ALPACA,425710,58.0,36.35442,127.34386,12,세종특별시
2026-06-15T11:05:08+09:00,ALPACA,426329,99.0,36.354454,127.35456,12,세종특별시
2026-06-15T11:05:08+09:00,ALPACA,426482,100.0,36.354465,127.35452,12,세종특별시
2026-06-15T11:05:08+09:00,ALPACA,426354,100.0,36.35447,127.35452,12,세종특별시
2026-06-15T11:05:08+09:00,ALPACA,425577,100.0,36.35448,127.354546,12,세종특별시
2026-06-15T11:05:08+09:00,ALPACA,425937,100.0,36.35448,127.35452,12,세종특별시
2026-06-15T11:05:08+09:00,ALPACA,424345,100.0,36.35448,127.35455,12,세종특별시
2026-06-15T11:05:08+09:00,ALPACA,426330,100.0,36.354485,127.35453,12,세종특별시
2026-06-15T11:05:08+09:00,ALPACA,424752,100.0,36.35449,127.354515,12,세종특별시
2026-06-15T11:05:08+09:00,ALPACA,426248,99.0,36.354492,127.35457,12,세종특별시
2026-06-15T11:05:08+09:00,ALPACA,426512,100.0,36.354496,127.35454,12,세종특별시
2026-06-15T11:05:08+09:00,ALPACA,424605,100.0,36.354496,127.35452,12,세종특별시
2026-06-15T11:05:08+09:00,ALPACA,426376,100.0,36.354504,127.35457,12,세종특별시
2026-06-15T11:05:08+09:00,ALPACA,425052,98.0,36.354507,127.35457,12,세종특별시
2026-06-15T11:05:08+09:00,ALPACA,424349,62.0,36.35456,127.343636,12,세종특별시
2026-06-15T11:05:08+09:00,ALPACA,424487,49.0,36.35457,127.34355,12,세종특별시
2026-06-15T11:05:08+09:00,ALPACA,425461,31.0,36.354595,127.33806,12,세종특별시
2026-06-15T11:05:08+09:00,ALPACA,424468,96.0,36.354626,127.34351,12,세종특별시
2026-06-15T11:05:08+09:00,ALPACA,424673,65.0,36.35463,127.331,12,세종특별시
2026-06-15T11:05:08+09:00,ALPACA,426253,91.0,36.354668,127.34213,12,세종특별시
2026-06-15T11:05:08+09:00,ALPACA,425391,79.0,36.354694,127.34072,12,세종특별시
2026-06-15T11:05:08+09:00,ALPACA,424589,42.0,36.35471,127.335434,12,세종특별시
2026-06-15T11:05:08+09:00,ALPACA,425312,64.0,36.35471,127.34337,12,세종특별시
2026-06-15T11:05:08+09:00,ALPACA,424645,39.0,36.35472,127.33947,12,세종특별시
2026-06-15T11:05:08+09:00,ALPACA,425259,63.0,36.354847,127.33122,12,세종특별시
2026-06-15T11:05:08+09:00,ALPACA,424650,87.0,36.35498,127.34769,12,세종특별시
2026-06-15T11:05:08+09:00,ALPACA,424639,46.0,36.35506,127.337006,12,세종특별시
2026-06-15T11:05:08+09:00,ALPACA,425025,67.0,36.35509,127.33698,12,세종특별시
2026-06-15T11:05:08+09:00,ALPACA,424433,39.0,36.35512,127.337006,12,세종특별시
2026-06-15T11:05:08+09:00,ALPACA,425545,44.0,36.355125,127.34306,12,세종특별시
2026-06-15T11:05:08+09:00,ALPACA,424838,49.0,36.355125,127.34424,12,세종특별시
2026-06-15T11:05:08+09:00,ALPACA,424574,85.0,36.35513,127.34304,12,세종특별시
2026-06-15T11:05:08+09:00,ALPACA,424603,46.0,36.35513,127.344246,12,세종특별시
2026-06-15T11:05:08+09:00,ALPACA,425419,61.0,36.35514,127.33696,12,세종특별시
2026-06-15T11:05:08+09:00,ALPACA,425688,91.0,36.35518,127.35096,12,세종특별시
2026-06-15T11:05:08+09:00,ALPACA,424356,67.0,36.355316,127.34521,12,세종특별시
2026-06-15T11:05:08+09:00,ALPACA,425339,39.0,36.355343,127.335724,12,세종특별시
2026-06-15T11:05:08+09:00,ALPACA,424315,63.0,36.355366,127.33185,12,세종특별시
2026-06-15T11:05:08+09:00,ALPACA,425676,47.0,36.35537,127.33531,12,세종특별시
2026-06-15T11:05:08+09:00,ALPACA,424608,96.0,36.355385,127.33186,12,세종특별시
2026-06-15T11:05:08+09:00,ALPACA,424554,50.0,36.35547,127.3438,12,세종특별시
2026-06-15T11:05:08+09:00,ALPACA,424965,70.0,36.35557,127.33481,12,세종특별시
2026-06-15T11:05:08+09:00,ALPACA,424853,37.0,36.355625,127.34307,12,세종특별시
2026-06-15T11:05:08+09:00,ALPACA,412506,82.0,36.35568,127.37574,12,세종특별시
2026-06-15T11:05:08+09:00,ALPACA,424862,44.0,36.355717,127.33943,12,세종특별시
2026-06-15T11:05:08+09:00,ALPACA,424451,49.0,36.355732,127.36027,12,세종특별시
2026-06-15T11:05:08+09:00,ALPACA,425486,60.0,36.35579,127.33127,12,세종특별시
2026-06-15T11:05:08+09:00,ALPACA,425269,35.0,36.355877,127.35214,12,세종특별시
2026-06-15T11:05:08+09:00,ALPACA,424289,40.0,36.355896,127.3441,12,세종특별시
2026-06-15T11:05:08+09:00,ALPACA,425430,51.0,36.355976,127.33678,12,세종특별시
2026-06-15T11:05:08+09:00,ALPACA,425678,82.0,36.355984,127.33124,12,세종특별시
2026-06-15T11:05:08+09:00,ALPACA,424884,79.0,36.35599,127.33125,12,세종특별시
2026-06-15T11:05:08+09:00,ALPACA,424264,57.0,36.356014,127.33124,12,세종특별시
2026-06-15T11:05:08+09:00,ALPACA,424613,62.0,36.356018,127.34417,12,세종특별시
2026-06-15T11:05:08+09:00,ALPACA,425470,60.0,36.356026,127.33964,12,세종특별시
2026-06-15T11:05:08+09:00,ALPACA,425045,56.0,36.3561,127.33079,12,세종특별시
2026-06-15T11:05:08+09:00,ALPACA,425547,87.0,36.356148,127.35081,12,세종특별시
2026-06-15T11:05:08+09:00,ALPACA,425007,74.0,36.356277,127.36386,12,세종특별시
2026-06-15T11:05:08+09:00,ALPACA,425407,92.0,36.35636,127.361046,12,세종특별시
2026-06-15T11:05:08+09:00,ALPACA,425047,75.0,36.35641,127.34814,12,세종특별시
2026-06-15T11:05:08+09:00,ALPACA,424818,77.0,36.35644,127.34812,12,세종특별시
2026-06-15T11:05:08+09:00,ALPACA,425282,76.0,36.356503,127.348045,12,세종특별시
2026-06-15T11:05:08+09:00,ALPACA,425233,54.0,36.356514,127.341774,12,세종특별시
2026-06-15T11:05:08+09:00,ALPACA,425265,78.0,36.35654,127.34811,12,세종특별시
2026-06-15T11:05:08+09:00,ALPACA,425402,77.0,36.356552,127.348076,12,세종특별시
2026-06-15T11:05:08+09:00,ALPACA,424713,66.0,36.35656,127.34803,12,세종특별시
2026-06-15T11:05:08+09:00,ALPACA,425008,67.0,36.35658,127.331184,12,세종특별시
2026-06-15T11:05:08+09:00,ALPACA,424595,64.0,36.356632,127.33812,12,세종특별시
2026-06-15T11:05:08+09:00,ALPACA,424183,49.0,36.35665,127.33153,12,세종특별시
2026-06-15T11:05:08+09:00,ALPACA,426460,70.0,36.356766,127.33561,12,세종특별시
2026-06-15T11:05:08+09:00,ALPACA,424502,44.0,36.35679,127.33562,12,세종특별시
2026-06-15T11:05:08+09:00,ALPACA,425411,90.0,36.35689,127.33546,12,세종특별시
2026-06-15T11:05:08+09:00,ALPACA,414766,87.0,36.3569,127.335464,12,세종특별시
2026-06-15T11:05:08+09:00,ALPACA,424909,40.0,36.35701,127.34502,12,세종특별시
2026-06-15T11:05:08+09:00,ALPACA,424821,49.0,36.357014,127.35436,12,세종특별시
2026-06-15T11:05:08+09:00,ALPACA,424828,51.0,36.357162,127.35101,12,세종특별시
2026-06-15T11:05:08+09:00,ALPACA,424966,65.0,36.357216,127.358055,12,세종특별시
2026-06-15T11:05:08+09:00,ALPACA,426311,43.0,36.35722,127.340034,12,세종특별시
2026-06-15T11:05:08+09:00,ALPACA,426301,87.0,36.35723,127.34008,12,세종특별시
2026-06-15T11:05:08+09:00,ALPACA,425222,41.0,36.35726,127.35034,12,세종특별시
2026-06-15T11:05:08+09:00,ALPACA,424693,44.0,36.357384,127.34778,12,세종특별시
2026-06-15T11:05:08+09:00,ALPACA,425475,91.0,36.357407,127.37182,12,세종특별시
2026-06-15T11:05:08+09:00,ALPACA,425056,94.0,36.357414,127.37181,12,세종특별시
2026-06-15T11:05:08+09:00,ALPACA,424371,90.0,36.357418,127.371826,12,세종특별시
2026-06-15T11:05:08+09:00,ALPACA,425539,100.0,36.35742,127.37179,12,세종특별시
2026-06-15T11:05:08+09:00,ALPACA,425536,98.0,36.35743,127.37181,12,세종특별시
2026-06-15T11:05:08+09:00,ALPACA,425194,69.0,36.35743,127.34778,12,세종특별시
2026-06-15T11:05:08+09:00,ALPACA,424375,90.0,36.357433,127.371826,12,세종특별시
2026-06-15T11:05:08+09:00,ALPACA,424986,66.0,36.357433,127.34782,12,세종특별시
2026-06-15T11:05:08+09:00,ALPACA,424716,93.0,36.357437,127.371826,12,세종특별시
2026-06-15T11:05:08+09:00,ALPACA,424836,95.0,36.357437,127.37183,12,세종특별시
2026-06-15T11:05:08+09:00,ALPACA,424992,93.0,36.357437,127.37179,12,세종특별시
2026-06-15T11:05:08+09:00,ALPACA,425304,83.0,36.35744,127.37408,12,세종특별시
2026-06-15T11:05:08+09:00,ALPACA,412524,84.0,36.35745,127.37182,12,세종특별시
2026-06-15T11:05:08+09:00,ALPACA,424366,100.0,36.35745,127.37182,12,세종특별시
2026-06-15T11:05:08+09:00,ALPACA,424519,100.0,36.35745,127.37177,12,세종특별시
2026-06-15T11:05:08+09:00,ALPACA,424881,94.0,36.35745,127.37179,12,세종특별시
2026-06-15T11:05:08+09:00,ALPACA,424931,90.0,36.35745,127.37182,12,세종특별시
2026-06-15T11:05:08+09:00,ALPACA,425284,100.0,36.35745,127.37181,12,세종특별시
2026-06-15T11:05:08+09:00,ALPACA,424573,100.0,36.357452,127.37184,12,세종특별시
2026-06-15T11:05:08+09:00,ALPACA,424398,100.0,36.357464,127.37182,12,세종특별시
2026-06-15T11:05:08+09:00,ALPACA,414820,42.0,36.357468,127.37182,12,세종특별시
2026-06-15T11:05:08+09:00,ALPACA,425772,100.0,36.357468,127.3718,12,세종특별시
2026-06-15T11:05:08+09:00,ALPACA,425382,100.0,36.357468,127.37181,12,세종특별시
2026-06-15T11:05:08+09:00,ALPACA,425714,100.0,36.35747,127.37181,12,세종특별시
2026-06-15T11:05:08+09:00,ALPACA,426451,71.0,36.357475,127.37181,12,세종특별시
2026-06-15T11:05:08+09:00,ALPACA,414275,82.0,36.357483,127.37183,12,세종특별시
2026-06-15T11:05:08+09:00,ALPACA,414686,88.0,36.357487,127.37181,12,세종특별시
2026-06-15T11:05:08+09:00,ALPACA,415028,51.0,36.357487,127.37182,12,세종특별시
2026-06-15T11:05:08+09:00,ALPACA,424445,100.0,36.357487,127.371826,12,세종특별시
2026-06-15T11:05:08+09:00,ALPACA,424845,100.0,36.35749,127.371796,12,세종특별시
2026-06-15T11:05:08+09:00,ALPACA,425701,40.0,36.357494,127.371826,12,세종특별시
2026-06-15T11:05:08+09:00,ALPACA,414769,51.0,36.35751,127.37182,12,세종특별시
2026-06-15T11:05:08+09:00,ALPACA,425583,71.0,36.357517,127.37181,12,세종특별시
2026-06-15T11:05:08+09:00,ALPACA,425200,82.0,36.357517,127.371796,12,세종특별시
2026-06-15T11:05:08+09:00,ALPACA,425015,62.0,36.357536,127.37182,12,세종특별시
2026-06-15T11:05:08+09:00,ALPACA,425755,52.0,36.35756,127.3515,12,세종특별시
2026-06-15T11:05:08+09:00,ALPACA,425674,44.0,36.35757,127.35059,12,세종특별시
2026-06-15T11:05:08+09:00,ALPACA,426441,89.0,36.357574,127.34979,12,세종특별시
2026-06-15T11:05:08+09:00,ALPACA,425357,55.0,36.357647,127.33109,12,세종특별시
2026-06-15T11:05:08+09:00,ALPACA,424906,41.0,36.35765,127.35195,12,세종특별시
2026-06-15T11:05:08+09:00,ALPACA,425485,53.0,36.357685,127.34431,12,세종특별시
2026-06-15T11:05:08+09:00,ALPACA,424916,65.0,36.357822,127.35125,12,세종특별시
2026-06-15T11:05:08+09:00,ALPACA,425491,42.0,36.357883,127.34583,12,세종특별시
2026-06-15T11:05:08+09:00,ALPACA,425332,45.0,36.3579,127.35129,12,세종특별시
2026-06-15T11:05:08+09:00,ALPACA,425422,100.0,36.35791,127.36395,12,세종특별시
2026-06-15T11:05:08+09:00,ALPACA,425460,100.0,36.35793,127.36385,12,세종특별시
2026-06-15T11:05:08+09:00,ALPACA,425753,73.0,36.35793,127.36391,12,세종특별시
2026-06-15T11:05:08+09:00,ALPACA,426268,100.0,36.357937,127.36383,12,세종특별시
2026-06-15T11:05:08+09:00,ALPACA,425765,88.0,36.357944,127.36386,12,세종특별시
2026-06-15T11:05:08+09:00,ALPACA,423880,99.0,36.357956,127.363785,12,세종특별시
2026-06-15T11:05:08+09:00,ALPACA,424185,100.0,36.35796,127.36382,12,세종특별시
2026-06-15T11:05:08+09:00,ALPACA,425209,85.0,36.35796,127.37969,12,세종특별시
2026-06-15T11:05:08+09:00,ALPACA,424400,100.0,36.357964,127.363815,12,세종특별시
2026-06-15T11:05:08+09:00,ALPACA,425543,78.0,36.357975,127.36382,12,세종특별시
2026-06-15T11:05:08+09:00,ALPACA,424326,100.0,36.357983,127.364,12,세종특별시
2026-06-15T11:05:08+09:00,ALPACA,425992,100.0,36.357986,127.363785,12,세종특별시
2026-06-15T11:05:08+09:00,ALPACA,424388,69.0,36.357994,127.36381,12,세종특별시
2026-06-15T11:05:08+09:00,ALPACA,424569,76.0,36.358,127.36382,12,세종특별시
2026-06-15T11:05:08+09:00,ALPACA,424403,76.0,36.358006,127.36379,12,세종특별시
2026-06-15T11:05:08+09:00,ALPACA,424572,86.0,36.358013,127.363914,12,세종특별시
2026-06-15T11:05:08+09:00,ALPACA,425223,49.0,36.35813,127.35243,12,세종특별시
2026-06-15T11:05:08+09:00,ALPACA,424560,38.0,36.358322,127.35582,12,세종특별시
2026-06-15T11:05:08+09:00,ALPACA,425127,51.0,36.358402,127.32857,12,세종특별시
2026-06-15T11:05:08+09:00,ALPACA,424479,62.0,36.358505,127.34494,12,세종특별시
2026-06-15T11:05:08+09:00,ALPACA,424808,47.0,36.358772,127.35916,12,세종특별시
2026-06-15T11:05:08+09:00,ALPACA,424789,58.0,36.35878,127.359116,12,세종특별시
2026-06-15T11:05:08+09:00,ALPACA,424817,76.0,36.358967,127.33226,12,세종특별시
2026-06-15T11:05:08+09:00,ALPACA,424979,68.0,36.35902,127.33379,12,세종특별시
2026-06-15T11:05:08+09:00,ALPACA,424943,64.0,36.359043,127.33376,12,세종특별시
2026-06-15T11:05:08+09:00,ALPACA,425161,70.0,36.359043,127.35218,12,세종특별시
2026-06-15T11:05:08+09:00,ALPACA,424970,45.0,36.35905,127.333725,12,세종특별시
2026-06-15T11:05:08+09:00,ALPACA,425440,66.0,36.359055,127.33343,12,세종특별시
2026-06-15T11:05:08+09:00,ALPACA,425210,46.0,36.35906,127.33347,12,세종특별시
2026-06-15T11:05:08+09:00,ALPACA,425421,62.0,36.359062,127.33345,12,세종특별시
2026-06-15T11:05:08+09:00,ALPACA,425393,56.0,36.359062,127.35218,12,세종특별시
2026-06-15T11:05:08+09:00,ALPACA,425396,71.0,36.359062,127.33344,12,세종특별시
2026-06-15T11:05:08+09:00,ALPACA,425410,63.0,36.35907,127.33347,12,세종특별시
2026-06-15T11:05:08+09:00,ALPACA,425325,56.0,36.35909,127.33349,12,세종특별시
2026-06-15T11:05:08+09:00,ALPACA,424859,62.0,36.359093,127.333466,12,세종특별시
2026-06-15T11:05:08+09:00,ALPACA,425201,65.0,36.359097,127.34553,12,세종특별시
2026-06-15T11:05:08+09:00,ALPACA,424630,81.0,36.359272,127.3417,12,세종특별시
2026-06-15T11:05:08+09:00,ALPACA,424558,84.0,36.359306,127.35442,12,세종특별시
2026-06-15T11:05:08+09:00,ALPACA,424684,51.0,36.359425,127.333916,12,세종특별시
2026-06-15T11:05:08+09:00,ALPACA,424448,89.0,36.35951,127.33482,12,세종특별시
2026-06-15T11:05:08+09:00,ALPACA,425358,98.0,36.359547,127.343346,12,세종특별시
2026-06-15T11:05:08+09:00,ALPACA,425564,87.0,36.359573,127.34343,12,세종특별시
2026-06-15T11:05:08+09:00,ALPACA,424610,46.0,36.359737,127.33646,12,세종특별시
2026-06-15T11:05:08+09:00,ALPACA,424638,40.0,36.359737,127.33638,12,세종특별시
2026-06-15T11:05:08+09:00,ALPACA,414824,48.0,36.35978,127.374146,12,세종특별시
2026-06-15T11:05:08+09:00,ALPACA,425077,99.0,36.359863,127.371994,12,세종특별시
2026-06-15T11:05:08+09:00,ALPACA,424998,54.0,36.360413,127.33222,12,세종특별시
2026-06-15T11:05:08+09:00,ALPACA,424985,41.0,36.360596,127.33354,12,세종특별시
2026-06-15T11:05:08+09:00,ALPACA,425626,32.0,36.360767,127.333916,12,세종특별시
2026-06-15T11:05:08+09:00,ALPACA,424598,65.0,36.360916,127.350266,12,세종특별시
2026-06-15T11:05:08+09:00,ALPACA,424894,58.0,36.361115,127.33635,12,세종특별시
2026-06-15T11:05:08+09:00,ALPACA,425326,71.0,36.361115,127.3372,12,세종특별시
2026-06-15T11:05:08+09:00,ALPACA,425353,44.0,36.361145,127.338425,12,세종특별시
2026-06-15T11:05:08+09:00,ALPACA,424556,100.0,36.36118,127.356,12,세종특별시
2026-06-15T11:05:08+09:00,ALPACA,425046,85.0,36.361324,127.33851,12,세종특별시
2026-06-15T11:05:08+09:00,ALPACA,425246,44.0,36.36135,127.33777,12,세종특별시
2026-06-15T11:05:08+09:00,ALPACA,424374,97.0,36.36141,127.33746,12,세종특별시
2026-06-15T11:05:08+09:00,ALPACA,424976,100.0,36.36153,127.35697,12,세종특별시
2026-06-15T11:05:08+09:00,ALPACA,426378,100.0,36.36154,127.35697,12,세종특별시
2026-06-15T11:05:08+09:00,ALPACA,424441,86.0,36.361656,127.33664,12,세종특별시
2026-06-15T11:05:08+09:00,ALPACA,414826,32.0,36.36168,127.353264,12,세종특별시
2026-06-15T11:05:08+09:00,ALPACA,425693,95.0,36.36177,127.344894,12,세종특별시
2026-06-15T11:05:08+09:00,ALPACA,425454,59.0,36.36179,127.33026,12,세종특별시
2026-06-15T11:05:08+09:00,ALPACA,424634,58.0,36.361794,127.35746,12,세종특별시
2026-06-15T11:05:08+09:00,ALPACA,424369,90.0,36.36182,127.357475,12,세종특별시
2026-06-15T11:05:08+09:00,ALPACA,424885,97.0,36.36183,127.357574,12,세종특별시
2026-06-15T11:05:08+09:00,ALPACA,426262,100.0,36.36184,127.3576,12,세종특별시
2026-06-15T11:05:08+09:00,ALPACA,424405,100.0,36.36185,127.35762,12,세종특별시
2026-06-15T11:05:08+09:00,ALPACA,424889,100.0,36.36185,127.357574,12,세종특별시
2026-06-15T11:05:08+09:00,ALPACA,424415,34.0,36.361877,127.34437,12,세종특별시
2026-06-15T11:05:08+09:00,ALPACA,424786,50.0,36.361923,127.35732,12,세종특별시
2026-06-15T11:05:08+09:00,ALPACA,424958,74.0,36.361958,127.35738,12,세종특별시
2026-06-15T11:05:08+09:00,ALPACA,425371,74.0,36.361965,127.357376,12,세종특별시
2026-06-15T11:05:08+09:00,ALPACA,424922,46.0,36.36197,127.35737,12,세종특별시
2026-06-15T11:05:08+09:00,ALPACA,425368,75.0,36.36197,127.35735,12,세종특별시
2026-06-15T11:05:08+09:00,ALPACA,424584,67.0,36.36198,127.35785,12,세종특별시
2026-06-15T11:05:08+09:00,ALPACA,425527,76.0,36.36202,127.35738,12,세종특별시
2026-06-15T11:05:08+09:00,ALPACA,425114,44.0,36.36203,127.36115,12,세종특별시
2026-06-15T11:05:08+09:00,ALPACA,424399,82.0,36.362183,127.37412,12,세종특별시
2026-06-15T11:05:08+09:00,ALPACA,424778,95.0,36.36247,127.34416,12,세종특별시
2026-06-15T11:05:08+09:00,ALPACA,425184,100.0,36.362507,127.35731,12,세종특별시
2026-06-15T11:05:08+09:00,ALPACA,424578,94.0,36.36252,127.33519,12,세종특별시
2026-06-15T11:05:08+09:00,ALPACA,425389,55.0,36.36252,127.357346,12,세종특별시
2026-06-15T11:05:08+09:00,ALPACA,424941,100.0,36.362583,127.3447,12,세종특별시
2026-06-15T11:05:08+09:00,ALPACA,425118,95.0,36.362583,127.34451,12,세종특별시
2026-06-15T11:05:08+09:00,ALPACA,424957,97.0,36.362587,127.3446,12,세종특별시
2026-06-15T11:05:08+09:00,ALPACA,424592,76.0,36.362595,127.34471,12,세종특별시
2026-06-15T11:05:08+09:00,ALPACA,425434,100.0,36.3626,127.34471,12,세종특별시
2026-06-15T11:05:08+09:00,ALPACA,424332,100.0,36.362602,127.34473,12,세종특별시
2026-06-15T11:05:08+09:00,ALPACA,424585,100.0,36.362602,127.3447,12,세종특별시
2026-06-15T11:05:08+09:00,ALPACA,425588,100.0,36.362606,127.34472,12,세종특별시
2026-06-15T11:05:08+09:00,ALPACA,425703,68.0,36.36261,127.344505,12,세종특별시
2026-06-15T11:05:08+09:00,ALPACA,425224,98.0,36.362614,127.344475,12,세종특별시
2026-06-15T11:05:08+09:00,ALPACA,424429,99.0,36.36262,127.34457,12,세종특별시
2026-06-15T11:05:08+09:00,ALPACA,424919,100.0,36.36262,127.34452,12,세종특별시
2026-06-15T11:05:08+09:00,ALPACA,425345,100.0,36.36262,127.344734,12,세종특별시
2026-06-15T11:05:08+09:00,ALPACA,425400,62.0,36.362625,127.34453,12,세종특별시
2026-06-15T11:05:08+09:00,ALPACA,425377,100.0,36.36263,127.34456,12,세종특별시
2026-06-15T11:05:08+09:00,ALPACA,425549,94.0,36.362633,127.34458,12,세종특별시
2026-06-15T11:05:08+09:00,ALPACA,424937,100.0,36.36264,127.34456,12,세종특별시
2026-06-15T11:05:08+09:00,ALPACA,425314,95.0,36.36265,127.34456,12,세종특별시
2026-06-15T11:05:08+09:00,ALPACA,425955,100.0,36.36266,127.344696,12,세종특별시
2026-06-15T11:05:08+09:00,ALPACA,424727,92.0,36.362663,127.34357,12,세종특별시
2026-06-15T11:05:08+09:00,ALPACA,424767,79.0,36.36267,127.343605,12,세종특별시
2026-06-15T11:05:08+09:00,ALPACA,425005,75.0,36.36267,127.34359,12,세종특별시
2026-06-15T11:05:08+09:00,ALPACA,426413,32.0,36.36271,127.34346,12,세종특별시
2026-06-15T11:05:08+09:00,ALPACA,424493,76.0,36.362835,127.35148,12,세종특별시
2026-06-15T11:05:08+09:00,ALPACA,424758,53.0,36.362843,127.356865,12,세종특별시
2026-06-15T11:05:08+09:00,ALPACA,425129,100.0,36.36287,127.35676,12,세종특별시
2026-06-15T11:05:08+09:00,ALPACA,425630,84.0,36.363148,127.34218,12,세종특별시
2026-06-15T11:05:08+09:00,ALPACA,424342,73.0,36.363224,127.334885,12,세종특별시
2026-06-15T11:05:08+09:00,ALPACA,425472,35.0,36.363243,127.34195,12,세종특별시
2026-06-15T11:05:08+09:00,ALPACA,424485,51.0,36.363274,127.33416,12,세종특별시
2026-06-15T11:05:08+09:00,ALPACA,425336,100.0,36.36348,127.35655,12,세종특별시
2026-06-15T11:05:08+09:00,ALPACA,424804,95.0,36.363518,127.356926,12,세종특별시
2026-06-15T11:05:08+09:00,ALPACA,425623,91.0,36.36368,127.3582,12,세종특별시
2026-06-15T11:05:08+09:00,ALPACA,425437,54.0,36.3637,127.358185,12,세종특별시
2026-06-15T11:05:08+09:00,ALPACA,425459,50.0,36.36404,127.35904,12,세종특별시
2026-06-15T11:05:08+09:00,ALPACA,425356,43.0,36.364616,127.34049,12,세종특별시
2026-06-15T11:05:08+09:00,ALPACA,425323,41.0,36.36463,127.34037,12,세종특별시
2026-06-15T11:05:08+09:00,ALPACA,424557,92.0,36.36471,127.34718,12,세종특별시
2026-06-15T11:05:08+09:00,ALPACA,425687,100.0,36.364986,127.347565,12,세종특별시
2026-06-15T11:05:08+09:00,ALPACA,425237,70.0,36.364998,127.34737,12,세종특별시
2026-06-15T11:05:08+09:00,ALPACA,424728,98.0,36.365192,127.34632,12,세종특별시
2026-06-15T11:05:08+09:00,ALPACA,424962,100.0,36.36541,127.36342,12,세종특별시
2026-06-15T11:05:08+09:00,ALPACA,423883,66.0,36.365643,127.346085,12,세종특별시
2026-06-15T11:05:08+09:00,ALPACA,425031,47.0,36.365723,127.33681,12,세종특별시
2026-06-15T11:05:08+09:00,ALPACA,424308,76.0,36.36589,127.36466,12,세종특별시
2026-06-15T11:05:08+09:00,ALPACA,425748,68.0,36.3659,127.36465,12,세종특별시
2026-06-15T11:05:08+09:00,ALPACA,424567,76.0,36.365902,127.364655,12,세종특별시
2026-06-15T11:05:08+09:00,ALPACA,424566,75.0,36.365906,127.364655,12,세종특별시
2026-06-15T11:05:08+09:00,ALPACA,425744,66.0,36.365913,127.36465,12,세종특별시
2026-06-15T11:05:08+09:00,ALPACA,424207,67.0,36.365913,127.364655,12,세종특별시
2026-06-15T11:05:08+09:00,ALPACA,424413,75.0,36.365917,127.36466,12,세종특별시
2026-06-15T11:05:08+09:00,ALPACA,426462,76.0,36.36644,127.31598,12,세종특별시
2026-06-15T11:05:08+09:00,ALPACA,424805,99.0,36.366493,127.3428,12,세종특별시
2026-06-15T11:05:08+09:00,ALPACA,426436,95.0,36.366497,127.34273,12,세종특별시
2026-06-15T11:05:08+09:00,ALPACA,424344,96.0,36.3665,127.3428,12,세종특별시
2026-06-15T11:05:08+09:00,ALPACA,424823,56.0,36.3665,127.342834,12,세종특별시
2026-06-15T11:05:08+09:00,ALPACA,425014,92.0,36.3665,127.34282,12,세종특별시
2026-06-15T11:05:08+09:00,ALPACA,425137,63.0,36.3665,127.34271,12,세종특별시
2026-06-15T11:05:08+09:00,ALPACA,424528,33.0,36.36651,127.3425,12,세종특별시
2026-06-15T11:05:08+09:00,ALPACA,425313,34.0,36.366512,127.34256,12,세종특별시
2026-06-15T11:05:08+09:00,ALPACA,424833,88.0,36.366516,127.342804,12,세종특별시
2026-06-15T11:05:08+09:00,ALPACA,425514,81.0,36.366528,127.342636,12,세종특별시
2026-06-15T11:05:08+09:00,ALPACA,425466,96.0,36.36654,127.3428,12,세종특별시
2026-06-15T11:05:08+09:00,ALPACA,425416,62.0,36.366554,127.34257,12,세종특별시
2026-06-15T11:05:08+09:00,ALPACA,425340,91.0,36.366554,127.34517,12,세종특별시
2026-06-15T11:05:08+09:00,ALPACA,425974,96.0,36.366566,127.342476,12,세종특별시
2026-06-15T11:05:08+09:00,ALPACA,425559,72.0,36.366577,127.34559,12,세종특별시
2026-06-15T11:05:08+09:00,ALPACA,424964,100.0,36.366577,127.36243,12,세종특별시
2026-06-15T11:05:08+09:00,ALPACA,424553,37.0,36.366688,127.3446,12,세종특별시
2026-06-15T11:05:08+09:00,ALPACA,424338,38.0,36.36674,127.34466,12,세종특별시
2026-06-15T11:05:08+09:00,ALPACA,425716,90.0,36.366745,127.34466,12,세종특별시
2026-06-15T11:05:08+09:00,ALPACA,425168,44.0,36.366848,127.3447,12,세종특별시
2026-06-15T11:05:08+09:00,ALPACA,425493,56.0,36.366856,127.34641,12,세종특별시
2026-06-15T11:05:08+09:00,ALPACA,424571,98.0,36.366863,127.34466,12,세종특별시
2026-06-15T11:05:08+09:00,ALPACA,425208,77.0,36.36688,127.344734,12,세종특별시
2026-06-15T11:05:08+09:00,ALPACA,425048,97.0,36.36689,127.34468,12,세종특별시
2026-06-15T11:05:08+09:00,ALPACA,425251,97.0,36.366936,127.34473,12,세종특별시
2026-06-15T11:05:08+09:00,ALPACA,424337,97.0,36.367,127.340836,12,세종특별시
2026-06-15T11:05:08+09:00,ALPACA,425598,78.0,36.36701,127.34084,12,세종특별시
2026-06-15T11:05:08+09:00,ALPACA,425009,88.0,36.367023,127.340866,12,세종특별시
2026-06-15T11:05:08+09:00,ALPACA,425756,98.0,36.367115,127.345894,12,세종특별시
2026-06-15T11:05:08+09:00,ALPACA,425060,74.0,36.367153,127.36254,12,세종특별시
2026-06-15T11:05:08+09:00,ALPACA,424496,100.0,36.36717,127.36254,12,세종특별시
2026-06-15T11:05:08+09:00,ALPACA,424802,61.0,36.367344,127.35677,12,세종특별시
2026-06-15T11:05:08+09:00,ALPACA,424454,76.0,36.36738,127.34067,12,세종특별시
2026-06-15T11:05:08+09:00,ALPACA,424968,91.0,36.36739,127.34069,12,세종특별시
2026-06-15T11:05:08+09:00,ALPACA,425018,43.0,36.367558,127.36122,12,세종특별시
2026-06-15T11:05:08+09:00,ALPACA,424751,68.0,36.367603,127.34084,12,세종특별시
2026-06-15T11:05:08+09:00,ALPACA,425106,95.0,36.367783,127.3656,12,세종특별시
2026-06-15T11:05:08+09:00,ALPACA,424987,100.0,36.367794,127.3421,12,세종특별시
2026-06-15T11:05:08+09:00,ALPACA,424742,71.0,36.367817,127.34209,12,세종특별시
2026-06-15T11:05:08+09:00,ALPACA,425125,65.0,36.367817,127.34215,12,세종특별시
2026-06-15T11:05:08+09:00,ALPACA,425441,100.0,36.367825,127.365616,12,세종특별시
2026-06-15T11:05:08+09:00,ALPACA,425684,80.0,36.36783,127.36563,12,세종특별시
2026-06-15T11:05:08+09:00,ALPACA,425119,62.0,36.36783,127.34214,12,세종특별시
2026-06-15T11:05:08+09:00,ALPACA,425691,83.0,36.367836,127.34036,12,세종특별시
2026-06-15T11:05:08+09:00,ALPACA,424551,34.0,36.367836,127.34211,12,세종특별시
2026-06-15T11:05:08+09:00,ALPACA,424391,85.0,36.36784,127.34212,12,세종특별시
2026-06-15T11:05:08+09:00,ALPACA,425483,77.0,36.367844,127.34205,12,세종특별시
2026-06-15T11:05:08+09:00,ALPACA,425620,68.0,36.367847,127.34213,12,세종특별시
2026-06-15T11:05:08+09:00,ALPACA,425468,100.0,36.367855,127.36566,12,세종특별시
2026-06-15T11:05:08+09:00,ALPACA,424361,96.0,36.367867,127.342064,12,세종특별시
2026-06-15T11:05:08+09:00,ALPACA,424773,90.0,36.36788,127.34211,12,세종특별시
2026-06-15T11:05:08+09:00,ALPACA,425185,93.0,36.36789,127.34206,12,세종특별시
2026-06-15T11:05:08+09:00,ALPACA,425426,81.0,36.36792,127.34157,12,세종특별시
2026-06-15T11:05:08+09:00,ALPACA,425480,84.0,36.368137,127.34601,12,세종특별시
2026-06-15T11:05:08+09:00,ALPACA,425777,64.0,36.368137,127.34604,12,세종특별시
2026-06-15T11:05:08+09:00,ALPACA,424851,52.0,36.368145,127.34598,12,세종특별시
2026-06-15T11:05:08+09:00,ALPACA,423922,33.0,36.368153,127.34598,12,세종특별시
2026-06-15T11:05:08+09:00,ALPACA,414685,71.0,36.368164,127.34597,12,세종특별시
2026-06-15T11:05:08+09:00,ALPACA,425624,100.0,36.368176,127.34594,12,세종특별시
2026-06-15T11:05:08+09:00,ALPACA,425729,87.0,36.36821,127.34595,12,세종특별시
2026-06-15T11:05:08+09:00,ALPACA,425478,83.0,36.368275,127.34259,12,세종특별시
2026-06-15T11:05:08+09:00,ALPACA,425481,90.0,36.368275,127.34272,12,세종특별시
2026-06-15T11:05:08+09:00,ALPACA,425139,81.0,36.368282,127.34259,12,세종특별시
2026-06-15T11:05:08+09:00,ALPACA,425331,58.0,36.368282,127.34254,12,세종특별시
2026-06-15T11:05:08+09:00,ALPACA,425003,75.0,36.368313,127.34261,12,세종특별시
2026-06-15T11:05:08+09:00,ALPACA,424524,75.0,36.36832,127.342575,12,세종특별시
2026-06-15T11:05:08+09:00,ALPACA,425617,39.0,36.368324,127.34259,12,세종특별시
2026-06-15T11:05:08+09:00,ALPACA,425621,53.0,36.36834,127.34257,12,세종특별시
2026-06-15T11:05:08+09:00,ALPACA,425063,97.0,36.368347,127.34267,12,세종특별시
2026-06-15T11:05:08+09:00,ALPACA,424858,100.0,36.36853,127.36599,12,세종특별시
2026-06-15T11:05:08+09:00,ALPACA,424409,48.0,36.36859,127.34063,12,세종특별시
2026-06-15T11:05:08+09:00,ALPACA,424428,33.0,36.36863,127.343735,12,세종특별시
2026-06-15T11:05:08+09:00,ALPACA,425423,83.0,36.36864,127.34067,12,세종특별시
2026-06-15T11:05:08+09:00,ALPACA,425088,31.0,36.36864,127.34377,12,세종특별시
2026-06-15T11:05:08+09:00,ALPACA,411802,73.0,36.368645,127.34372,12,세종특별시
2026-06-15T11:05:08+09:00,ALPACA,424123,55.0,36.368645,127.34071,12,세종특별시
2026-06-15T11:05:08+09:00,ALPACA,425315,96.0,36.36865,127.34379,12,세종특별시
2026-06-15T11:05:08+09:00,ALPACA,424907,92.0,36.368652,127.340645,12,세종특별시
2026-06-15T11:05:08+09:00,ALPACA,424683,71.0,36.368683,127.34074,12,세종특별시
2026-06-15T11:05:08+09:00,ALPACA,424824,45.0,36.368683,127.338264,12,세종특별시
2026-06-15T11:05:08+09:00,ALPACA,424423,100.0,36.368687,127.34073,12,세종특별시
2026-06-15T11:05:08+09:00,ALPACA,424632,60.0,36.368687,127.34072,12,세종특별시
2026-06-15T11:05:08+09:00,ALPACA,425548,97.0,36.36869,127.34071,12,세종특별시
2026-06-15T11:05:08+09:00,ALPACA,424945,69.0,36.36869,127.34189,12,세종특별시
2026-06-15T11:05:08+09:00,ALPACA,425158,80.0,36.368702,127.34065,12,세종특별시
2026-06-15T11:05:08+09:00,ALPACA,424354,32.0,36.368706,127.340706,12,세종특별시
2026-06-15T11:05:08+09:00,ALPACA,424362,45.0,36.368706,127.34187,12,세종특별시
2026-06-15T11:05:08+09:00,ALPACA,424530,100.0,36.368706,127.340675,12,세종특별시
2026-06-15T11:05:08+09:00,ALPACA,425540,51.0,36.368717,127.34193,12,세종특별시
2026-06-15T11:05:08+09:00,ALPACA,425442,78.0,36.368725,127.3407,12,세종특별시
2026-06-15T11:05:08+09:00,ALPACA,414402,83.0,36.36873,127.34073,12,세종특별시
2026-06-15T11:05:08+09:00,ALPACA,425172,56.0,36.36873,127.341965,12,세종특별시
2026-06-15T11:05:08+09:00,ALPACA,425715,76.0,36.368732,127.34067,12,세종특별시
2026-06-15T11:05:08+09:00,ALPACA,424626,56.0,36.368732,127.34056,12,세종특별시
2026-06-15T11:05:08+09:00,ALPACA,425394,100.0,36.368732,127.34068,12,세종특별시
2026-06-15T11:05:08+09:00,ALPACA,425522,58.0,36.368736,127.34069,12,세종특별시
2026-06-15T11:05:08+09:00,ALPACA,424475,50.0,36.368736,127.34069,12,세종특별시
2026-06-15T11:05:08+09:00,ALPACA,425230,100.0,36.368736,127.3407,12,세종특별시
2026-06-15T11:05:08+09:00,ALPACA,425249,84.0,36.368736,127.3406,12,세종특별시
2026-06-15T11:05:08+09:00,ALPACA,415497,55.0,36.368744,127.34252,12,세종특별시
2026-06-15T11:05:08+09:00,ALPACA,425473,52.0,36.368767,127.3419,12,세종특별시
2026-06-15T11:05:08+09:00,ALPACA,424500,87.0,36.36877,127.34069,12,세종특별시
2026-06-15T11:05:08+09:00,ALPACA,424877,75.0,36.36877,127.340675,12,세종특별시
2026-06-15T11:05:08+09:00,ALPACA,425277,93.0,36.36877,127.340706,12,세종특별시
2026-06-15T11:05:08+09:00,ALPACA,424959,75.0,36.368786,127.34069,12,세종특별시
2026-06-15T11:05:08+09:00,ALPACA,424633,80.0,36.36879,127.34076,12,세종특별시
2026-06-15T11:05:08+09:00,ALPACA,425457,62.0,36.368793,127.34071,12,세종특별시
2026-06-15T11:05:08+09:00,ALPACA,425542,52.0,36.368805,127.34252,12,세종특별시
2026-06-15T11:05:08+09:00,ALPACA,424440,60.0,36.36884,127.340004,12,세종특별시
2026-06-15T11:05:08+09:00,ALPACA,425538,49.0,36.36886,127.33998,12,세종특별시
2026-06-15T11:05:08+09:00,ALPACA,426105,97.0,36.368874,127.31593,12,세종특별시
2026-06-15T11:05:08+09:00,ALPACA,425080,76.0,36.368877,127.34285,12,세종특별시
2026-06-15T11:05:08+09:00,ALPACA,426099,86.0,36.36888,127.34277,12,세종특별시
2026-06-15T11:05:08+09:00,ALPACA,425043,52.0,36.368885,127.339966,12,세종특별시
2026-06-15T11:05:08+09:00,ALPACA,425311,57.0,36.36889,127.33994,12,세종특별시
2026-06-15T11:05:08+09:00,ALPACA,425081,51.0,36.368896,127.339966,12,세종특별시
2026-06-15T11:05:08+09:00,ALPACA,424417,52.0,36.3689,127.33996,12,세종특별시
2026-06-15T11:05:08+09:00,ALPACA,425415,67.0,36.368904,127.34292,12,세종특별시
2026-06-15T11:05:08+09:00,ALPACA,424686,48.0,36.368904,127.34285,12,세종특별시
2026-06-15T11:05:08+09:00,ALPACA,424718,77.0,36.368908,127.35069,12,세종특별시
2026-06-15T11:05:08+09:00,ALPACA,425071,53.0,36.36891,127.34288,12,세종특별시
2026-06-15T11:05:08+09:00,ALPACA,426361,87.0,36.368916,127.34398,12,세종특별시
2026-06-15T11:05:08+09:00,ALPACA,424355,72.0,36.368935,127.340996,12,세종특별시
2026-06-15T11:05:08+09:00,ALPACA,424980,36.0,36.368954,127.34293,12,세종특별시
2026-06-15T11:05:08+09:00,ALPACA,426267,75.0,36.36896,127.340836,12,세종특별시
2026-06-15T11:05:08+09:00,ALPACA,424552,61.0,36.368973,127.3398,12,세종특별시
2026-06-15T11:05:08+09:00,ALPACA,424940,49.0,36.368977,127.33997,12,세종특별시
2026-06-15T11:05:08+09:00,ALPACA,424339,67.0,36.36899,127.339966,12,세종특별시
2026-06-15T11:05:08+09:00,ALPACA,425163,39.0,36.36899,127.3425,12,세종특별시
2026-06-15T11:05:08+09:00,ALPACA,425447,100.0,36.368996,127.34001,12,세종특별시
2026-06-15T11:05:08+09:00,ALPACA,425264,69.0,36.369022,127.33998,12,세종특별시
2026-06-15T11:05:08+09:00,ALPACA,425429,64.0,36.36903,127.339935,12,세종특별시
2026-06-15T11:05:08+09:00,ALPACA,425628,42.0,36.369175,127.33391,12,세종특별시
2026-06-15T11:05:08+09:00,ALPACA,425232,100.0,36.369297,127.366806,12,세종특별시
2026-06-15T11:05:08+09:00,ALPACA,426370,51.0,36.369522,127.35133,12,세종특별시
2026-06-15T11:05:08+09:00,ALPACA,424341,31.0,36.369537,127.35133,12,세종특별시
2026-06-15T11:05:08+09:00,ALPACA,424513,82.0,36.369537,127.35133,12,세종특별시
2026-06-15T11:05:08+09:00,ALPACA,425771,70.0,36.36954,127.35135,12,세종특별시
2026-06-15T11:05:08+09:00,ALPACA,424351,79.0,36.36954,127.351295,12,세종특별시
2026-06-15T11:05:08+09:00,ALPACA,425633,46.0,36.369545,127.35128,12,세종특별시
2026-06-15T11:05:08+09:00,ALPACA,425280,77.0,36.369545,127.35132,12,세종특별시
2026-06-15T11:05:08+09:00,ALPACA,425418,95.0,36.369553,127.351326,12,세종특별시
2026-06-15T11:05:08+09:00,ALPACA,425187,73.0,36.369553,127.35134,12,세종특별시
2026-06-15T11:05:08+09:00,ALPACA,425528,74.0,36.369556,127.35126,12,세종특별시
2026-06-15T11:05:08+09:00,ALPACA,424796,100.0,36.369556,127.35134,12,세종특별시
2026-06-15T11:05:08+09:00,ALPACA,425177,100.0,36.369556,127.35128,12,세종특별시
2026-06-15T11:05:08+09:00,ALPACA,425692,94.0,36.36956,127.35127,12,세종특별시
2026-06-15T11:05:08+09:00,ALPACA,424888,83.0,36.36956,127.35126,12,세종특별시
2026-06-15T11:05:08+09:00,ALPACA,425176,71.0,36.36956,127.35123,12,세종특별시
2026-06-15T11:05:08+09:00,ALPACA,425484,95.0,36.369564,127.35133,12,세종특별시
2026-06-15T11:05:08+09:00,ALPACA,424186,87.0,36.369568,127.351265,12,세종특별시
2026-06-15T11:05:08+09:00,ALPACA,424749,93.0,36.369568,127.34378,12,세종특별시
2026-06-15T11:05:08+09:00,ALPACA,424803,62.0,36.369583,127.35124,12,세종특별시
2026-06-15T11:05:08+09:00,ALPACA,425462,89.0,36.369587,127.3513,12,세종특별시
2026-06-15T11:05:08+09:00,ALPACA,425631,50.0,36.36959,127.35129,12,세종특별시
2026-06-15T11:05:08+09:00,ALPACA,424464,36.0,36.369595,127.31903,12,세종특별시
2026-06-15T11:05:08+09:00,ALPACA,425534,46.0,36.3696,127.3437,12,세종특별시
2026-06-15T11:05:08+09:00,ALPACA,423908,97.0,36.369606,127.351166,12,세종특별시
2026-06-15T11:05:08+09:00,ALPACA,425581,99.0,36.369614,127.35119,12,세종특별시
2026-06-15T11:05:08+09:00,ALPACA,424855,95.0,36.369614,127.35117,12,세종특별시
2026-06-15T11:05:08+09:00,ALPACA,425328,61.0,36.369614,127.35118,12,세종특별시
2026-06-15T11:05:08+09:00,ALPACA,425775,99.0,36.369617,127.343285,12,세종특별시
2026-06-15T11:05:08+09:00,ALPACA,425105,77.0,36.36963,127.351166,12,세종특별시
2026-06-15T11:05:08+09:00,ALPACA,425513,72.0,36.369637,127.34374,12,세종특별시
2026-06-15T11:05:08+09:00,ALPACA,424480,67.0,36.369637,127.35117,12,세종특별시
2026-06-15T11:05:08+09:00,ALPACA,425369,100.0,36.36964,127.36308,12,세종특별시
2026-06-15T11:05:08+09:00,ALPACA,424784,85.0,36.369648,127.3512,12,세종특별시
2026-06-15T11:05:08+09:00,ALPACA,424419,58.0,36.36966,127.31805,12,세종특별시
2026-06-15T11:05:08+09:00,ALPACA,424368,67.0,36.36967,127.35114,12,세종특별시
2026-06-15T11:05:08+09:00,ALPACA,425069,100.0,36.36967,127.343445,12,세종특별시
2026-06-15T11:05:08+09:00,ALPACA,425283,89.0,36.36971,127.36292,12,세종특별시
2026-06-15T11:05:08+09:00,ALPACA,424774,58.0,36.369747,127.362854,12,세종특별시
2026-06-15T11:05:08+09:00,ALPACA,425474,100.0,36.36976,127.343666,12,세종특별시
2026-06-15T11:05:08+09:00,ALPACA,425399,98.0,36.369865,127.34422,12,세종특별시
2026-06-15T11:05:08+09:00,ALPACA,424353,80.0,36.369884,127.3439,12,세종특별시
2026-06-15T11:05:08+09:00,ALPACA,424522,58.0,36.36989,127.34386,12,세종특별시
2026-06-15T11:05:08+09:00,ALPACA,424167,67.0,36.3699,127.34381,12,세종특별시
2026-06-15T11:05:08+09:00,ALPACA,425100,77.0,36.369915,127.34536,12,세종특별시
2026-06-15T11:05:08+09:00,ALPACA,425686,92.0,36.36993,127.343834,12,세종특별시
2026-06-15T11:05:08+09:00,ALPACA,425512,84.0,36.369938,127.3386,12,세종특별시
2026-06-15T11:05:08+09:00,ALPACA,426360,90.0,36.369976,127.36287,12,세종특별시
2026-06-15T11:05:08+09:00,ALPACA,411686,80.0,36.370014,127.33849,12,세종특별시
2026-06-15T11:05:08+09:00,ALPACA,424680,54.0,36.37004,127.36051,12,세종특별시
2026-06-15T11:05:08+09:00,ALPACA,424721,50.0,36.37004,127.36049,12,세종특별시
2026-06-15T11:05:08+09:00,ALPACA,424659,70.0,36.370064,127.3623,12,세종특별시
2026-06-15T11:05:08+09:00,ALPACA,424359,100.0,36.370087,127.36006,12,세종특별시
2026-06-15T11:05:08+09:00,ALPACA,424444,94.0,36.37011,127.36043,12,세종특별시
2026-06-15T11:05:08+09:00,ALPACA,425023,91.0,36.370174,127.33713,12,세종특별시
2026-06-15T11:05:08+09:00,ALPACA,425523,76.0,36.370678,127.363815,12,세종특별시
2026-06-15T11:05:08+09:00,ALPACA,424822,67.0,36.370678,127.35352,12,세종특별시
2026-06-15T11:05:08+09:00,ALPACA,424996,90.0,36.37071,127.36244,12,세종특별시
2026-06-15T11:05:08+09:00,ALPACA,425108,34.0,36.370777,127.362526,12,세종특별시
2026-06-15T11:05:08+09:00,ALPACA,424473,99.0,36.370804,127.36242,12,세종특별시
2026-06-15T11:05:08+09:00,ALPACA,424988,100.0,36.37086,127.362404,12,세종특별시
2026-06-15T11:05:08+09:00,ALPACA,426302,97.0,36.37099,127.33506,12,세종특별시
2026-06-15T11:05:08+09:00,ALPACA,425576,95.0,36.371258,127.34147,12,세종특별시
2026-06-15T11:05:08+09:00,ALPACA,424373,63.0,36.371258,127.34145,12,세종특별시
2026-06-15T11:05:08+09:00,ALPACA,425026,96.0,36.371265,127.34145,12,세종특별시
2026-06-15T11:05:08+09:00,ALPACA,425425,98.0,36.37127,127.3415,12,세종특별시
2026-06-15T11:05:08+09:00,ALPACA,425511,96.0,36.37127,127.34154,12,세종특별시
2026-06-15T11:05:08+09:00,ALPACA,425533,100.0,36.37127,127.34148,12,세종특별시
2026-06-15T11:05:08+09:00,ALPACA,425145,100.0,36.37127,127.341324,12,세종특별시
2026-06-15T11:05:08+09:00,ALPACA,424421,100.0,36.371277,127.34138,12,세종특별시
2026-06-15T11:05:08+09:00,ALPACA,425082,97.0,36.371277,127.34136,12,세종특별시
2026-06-15T11:05:08+09:00,ALPACA,425500,94.0,36.37128,127.341415,12,세종특별시
2026-06-15T11:05:08+09:00,ALPACA,424798,100.0,36.37128,127.34133,12,세종특별시
2026-06-15T11:05:08+09:00,ALPACA,425501,100.0,36.371284,127.34147,12,세종특별시
2026-06-15T11:05:08+09:00,ALPACA,425439,100.0,36.37129,127.341385,12,세종특별시
2026-06-15T11:05:08+09:00,ALPACA,425530,40.0,36.37129,127.34139,12,세종특별시
2026-06-15T11:05:08+09:00,ALPACA,424489,64.0,36.371292,127.33516,12,세종특별시
2026-06-15T11:05:08+09:00,ALPACA,425099,49.0,36.371292,127.341446,12,세종특별시
2026-06-15T11:05:08+09:00,ALPACA,425495,73.0,36.371307,127.34139,12,세종특별시
2026-06-15T11:05:08+09:00,ALPACA,426495,36.0,36.37135,127.3334,12,세종특별시
2026-06-15T11:05:08+09:00,ALPACA,424340,62.0,36.37135,127.33523,12,세종특별시
2026-06-15T11:05:08+09:00,ALPACA,424689,90.0,36.37144,127.34334,12,세종특별시
2026-06-15T11:05:08+09:00,ALPACA,425170,55.0,36.37144,127.34328,12,세종특별시
2026-06-15T11:05:08+09:00,ALPACA,425276,100.0,36.37144,127.34322,12,세종특별시
2026-06-15T11:05:08+09:00,ALPACA,424565,87.0,36.371468,127.34339,12,세종특별시
2026-06-15T11:05:08+09:00,ALPACA,426231,78.0,36.371475,127.34335,12,세종특별시
2026-06-15T11:05:08+09:00,ALPACA,425503,62.0,36.37149,127.34339,12,세종특별시
2026-06-15T11:05:08+09:00,ALPACA,424766,100.0,36.37149,127.343346,12,세종특별시
2026-06-15T11:05:08+09:00,ALPACA,426499,63.0,36.371517,127.343254,12,세종특별시
2026-06-15T11:05:08+09:00,ALPACA,424390,100.0,36.371548,127.343254,12,세종특별시
2026-06-15T11:05:08+09:00,ALPACA,424923,96.0,36.37156,127.34324,12,세종특별시
2026-06-15T11:05:08+09:00,ALPACA,425011,65.0,36.37156,127.34327,12,세종특별시
2026-06-15T11:05:08+09:00,ALPACA,424636,100.0,36.371567,127.343254,12,세종특별시
2026-06-15T11:05:08+09:00,ALPACA,424606,100.0,36.37161,127.34328,12,세종특별시
2026-06-15T11:05:08+09:00,ALPACA,424122,100.0,36.371834,127.35854,12,세종특별시
2026-06-15T11:05:08+09:00,ALPACA,425452,100.0,36.371937,127.36205,12,세종특별시
2026-06-15T11:05:08+09:00,ALPACA,425469,42.0,36.3721,127.338486,12,세종특별시
2026-06-15T11:05:08+09:00,ALPACA,424549,97.0,36.372116,127.341644,12,세종특별시
2026-06-15T11:05:08+09:00,ALPACA,426455,100.0,36.372143,127.31735,12,세종특별시
2026-06-15T11:05:08+09:00,ALPACA,426166,99.0,36.372253,127.319115,12,세종특별시
2026-06-15T11:05:08+09:00,ALPACA,425708,100.0,36.372253,127.31916,12,세종특별시
2026-06-15T11:05:08+09:00,ALPACA,424757,37.0,36.372307,127.32329,12,세종특별시
2026-06-15T11:05:08+09:00,ALPACA,424043,47.0,36.372322,127.33547,12,세종특별시
2026-06-15T11:05:08+09:00,ALPACA,425146,91.0,36.372368,127.318184,12,세종특별시
2026-06-15T11:05:08+09:00,ALPACA,424854,43.0,36.372383,127.33531,12,세종특별시
2026-06-15T11:05:08+09:00,ALPACA,426560,79.0,36.37239,127.317566,12,세종특별시
2026-06-15T11:05:08+09:00,ALPACA,424831,47.0,36.372395,127.33536,12,세종특별시
2026-06-15T11:05:08+09:00,ALPACA,424476,57.0,36.372402,127.335365,12,세종특별시
2026-06-15T11:05:08+09:00,ALPACA,425580,56.0,36.372406,127.33523,12,세종특별시
2026-06-15T11:05:08+09:00,ALPACA,424867,52.0,36.372406,127.3354,12,세종특별시
2026-06-15T11:05:08+09:00,ALPACA,426247,100.0,36.372437,127.31809,12,세종특별시
2026-06-15T11:05:08+09:00,ALPACA,426433,100.0,36.372448,127.31799,12,세종특별시
2026-06-15T11:05:08+09:00,ALPACA,426492,100.0,36.37245,127.31804,12,세종특별시
2026-06-15T11:05:08+09:00,ALPACA,426108,41.0,36.372513,127.33413,12,세종특별시
2026-06-15T11:05:08+09:00,ALPACA,424702,91.0,36.372513,127.343254,12,세종특별시
2026-06-15T11:05:08+09:00,ALPACA,426389,85.0,36.372578,127.316505,12,세종특별시
2026-06-15T11:05:08+09:00,ALPACA,425347,67.0,36.372673,127.339615,12,세종특별시
2026-06-15T11:05:08+09:00,ALPACA,424474,33.0,36.372723,127.33958,12,세종특별시
2026-06-15T11:05:08+09:00,ALPACA,425022,75.0,36.37283,127.33968,12,세종특별시
2026-06-15T11:05:08+09:00,ALPACA,426278,92.0,36.3729,127.34384,12,세종특별시
2026-06-15T11:05:08+09:00,ALPACA,424869,70.0,36.372925,127.34386,12,세종특별시
2026-06-15T11:05:08+09:00,ALPACA,424690,50.0,36.37295,127.34388,12,세종특별시
2026-06-15T11:05:08+09:00,ALPACA,424406,51.0,36.37296,127.35964,12,세종특별시
2026-06-15T11:05:08+09:00,ALPACA,425544,93.0,36.372963,127.34385,12,세종특별시
2026-06-15T11:05:08+09:00,ALPACA,424503,71.0,36.372963,127.34382,12,세종특별시
2026-06-15T11:05:08+09:00,ALPACA,425707,96.0,36.372986,127.359566,12,세종특별시
2026-06-15T11:05:08+09:00,ALPACA,424730,46.0,36.37302,127.3229,12,세종특별시
2026-06-15T11:05:08+09:00,ALPACA,425783,73.0,36.37322,127.31787,12,세종특별시
2026-06-15T11:05:08+09:00,ALPACA,426206,78.0,36.373222,127.31785,12,세종특별시
2026-06-15T11:05:08+09:00,ALPACA,426341,75.0,36.373226,127.31795,12,세종특별시
2026-06-15T11:05:08+09:00,ALPACA,426488,100.0,36.373234,127.317955,12,세종특별시
2026-06-15T11:05:08+09:00,ALPACA,425768,84.0,36.37325,127.31785,12,세종특별시
2026-06-15T11:05:08+09:00,ALPACA,424604,99.0,36.373253,127.31787,12,세종특별시
2026-06-15T11:05:08+09:00,ALPACA,426269,75.0,36.373257,127.3177,12,세종특별시
2026-06-15T11:05:08+09:00,ALPACA,426271,74.0,36.37326,127.317955,12,세종특별시
2026-06-15T11:05:08+09:00,ALPACA,426180,78.0,36.37326,127.31786,12,세종특별시
2026-06-15T11:05:08+09:00,ALPACA,426374,77.0,36.373264,127.317825,12,세종특별시
2026-06-15T11:05:08+09:00,ALPACA,426309,76.0,36.373264,127.317856,12,세종특별시
2026-06-15T11:05:08+09:00,ALPACA,426259,76.0,36.37328,127.31791,12,세종특별시
2026-06-15T11:05:08+09:00,ALPACA,426181,75.0,36.373295,127.31789,12,세종특별시
2026-06-15T11:05:08+09:00,ALPACA,426346,75.0,36.373356,127.31793,12,세종특별시
2026-06-15T11:05:08+09:00,ALPACA,424559,77.0,36.373486,127.35942,12,세종특별시
2026-06-15T11:05:08+09:00,ALPACA,424477,99.0,36.3735,127.35747,12,세종특별시
2026-06-15T11:05:08+09:00,ALPACA,425012,100.0,36.37351,127.35943,12,세종특별시
2026-06-15T11:05:08+09:00,ALPACA,425414,100.0,36.37352,127.36153,12,세종특별시
2026-06-15T11:05:08+09:00,ALPACA,424463,99.0,36.373528,127.344246,12,세종특별시
2026-06-15T11:05:08+09:00,ALPACA,414534,33.0,36.37355,127.34421,12,세종특별시
2026-06-15T11:05:08+09:00,ALPACA,425776,100.0,36.37355,127.34419,12,세종특별시
2026-06-15T11:05:08+09:00,ALPACA,425372,97.0,36.373554,127.3442,12,세종특별시
2026-06-15T11:05:08+09:00,ALPACA,426359,100.0,36.373558,127.34419,12,세종특별시
2026-06-15T11:05:08+09:00,ALPACA,424118,60.0,36.37356,127.344185,12,세종특별시
2026-06-15T11:05:08+09:00,ALPACA,425604,100.0,36.373577,127.34417,12,세종특별시
2026-06-15T11:05:08+09:00,ALPACA,425378,35.0,36.37358,127.36044,12,세종특별시
2026-06-15T11:05:08+09:00,ALPACA,425390,84.0,36.373585,127.34157,12,세종특별시
2026-06-15T11:05:08+09:00,ALPACA,425541,37.0,36.373592,127.34407,12,세종특별시
2026-06-15T11:05:08+09:00,ALPACA,425978,71.0,36.373596,127.318825,12,세종특별시
2026-06-15T11:05:08+09:00,ALPACA,425449,76.0,36.373596,127.344215,12,세종특별시
2026-06-15T11:05:08+09:00,ALPACA,424537,33.0,36.373596,127.34419,12,세종특별시
2026-06-15T11:05:08+09:00,ALPACA,426308,62.0,36.373833,127.31935,12,세종특별시
2026-06-15T11:05:08+09:00,ALPACA,426552,42.0,36.37385,127.31868,12,세종특별시
2026-06-15T11:05:08+09:00,ALPACA,424472,58.0,36.373928,127.36016,12,세종특별시
2026-06-15T11:05:08+09:00,ALPACA,426358,93.0,36.374073,127.32251,12,세종특별시
2026-06-15T11:05:08+09:00,ALPACA,425706,97.0,36.37411,127.36511,12,세종특별시
2026-06-15T11:05:08+09:00,ALPACA,426213,33.0,36.374172,127.319435,12,세종특별시
2026-06-15T11:05:08+09:00,ALPACA,425252,35.0,36.37425,127.37938,12,세종특별시
2026-06-15T11:05:08+09:00,ALPACA,424729,48.0,36.374523,127.34653,12,세종특별시
2026-06-15T11:05:08+09:00,ALPACA,426515,95.0,36.374584,127.31869,12,세종특별시
2026-06-15T11:05:08+09:00,ALPACA,414747,41.0,36.374588,127.3592,12,세종특별시
2026-06-15T11:05:08+09:00,ALPACA,425444,78.0,36.374622,127.34199,12,세종특별시
2026-06-15T11:05:08+09:00,ALPACA,426270,100.0,36.37484,127.31804,12,세종특별시
2026-06-15T11:05:08+09:00,ALPACA,425619,80.0,36.374844,127.31805,12,세종특별시
2026-06-15T11:05:08+09:00,ALPACA,425903,100.0,36.374844,127.318016,12,세종특별시
2026-06-15T11:05:08+09:00,ALPACA,425895,100.0,36.37485,127.318016,12,세종특별시
2026-06-15T11:05:08+09:00,ALPACA,426363,100.0,36.37485,127.31805,12,세종특별시
2026-06-15T11:05:08+09:00,ALPACA,426319,73.0,36.374866,127.31801,12,세종특별시
2026-06-15T11:05:08+09:00,ALPACA,426327,99.0,36.37488,127.3181,12,세종특별시
2026-06-15T11:05:08+09:00,ALPACA,425273,48.0,36.374928,127.33777,12,세종특별시
2026-06-15T11:05:08+09:00,ALPACA,426510,93.0,36.374958,127.31813,12,세종특별시
2026-06-15T11:05:08+09:00,ALPACA,426345,46.0,36.37507,127.322754,12,세종특별시
2026-06-15T11:05:08+09:00,ALPACA,426501,74.0,36.37531,127.31902,12,세종특별시
2026-06-15T11:05:08+09:00,ALPACA,426264,47.0,36.375626,127.305466,12,세종특별시
2026-06-15T11:05:08+09:00,ALPACA,425550,91.0,36.375713,127.34391,12,세종특별시
2026-06-15T11:05:08+09:00,ALPACA,425395,84.0,36.37572,127.34391,12,세종특별시
2026-06-15T11:05:08+09:00,ALPACA,423795,37.0,36.375755,127.3439,12,세종특별시
2026-06-15T11:05:08+09:00,ALPACA,414468,74.0,36.375767,127.3918,12,세종특별시
2026-06-15T11:05:08+09:00,ALPACA,411696,100.0,36.375797,127.39184,12,세종특별시
2026-06-15T11:05:08+09:00,ALPACA,425521,100.0,36.375797,127.39178,12,세종특별시
2026-06-15T11:05:08+09:00,ALPACA,426491,72.0,36.375816,127.32071,12,세종특별시
2026-06-15T11:05:08+09:00,ALPACA,424974,70.0,36.375847,127.34323,12,세종특별시
2026-06-15T11:05:08+09:00,ALPACA,425424,100.0,36.37585,127.39187,12,세종특별시
2026-06-15T11:05:08+09:00,ALPACA,414802,100.0,36.375854,127.39182,12,세종특별시
2026-06-15T11:05:08+09:00,ALPACA,424975,65.0,36.37587,127.34326,12,세종특별시
2026-06-15T11:05:08+09:00,ALPACA,425675,39.0,36.375874,127.34323,12,세종특별시
2026-06-15T11:05:08+09:00,ALPACA,424928,86.0,36.375877,127.34329,12,세종특별시
2026-06-15T11:05:08+09:00,ALPACA,424706,90.0,36.375885,127.34326,12,세종특별시
2026-06-15T11:05:08+09:00,ALPACA,424763,91.0,36.37589,127.34326,12,세종특별시
2026-06-15T11:05:08+09:00,ALPACA,424224,99.0,36.375893,127.34325,12,세종특별시
2026-06-15T11:05:08+09:00,ALPACA,425221,94.0,36.375908,127.34323,12,세종특별시
2026-06-15T11:05:08+09:00,ALPACA,424387,35.0,36.375923,127.34327,12,세종특별시
2026-06-15T11:05:08+09:00,ALPACA,425049,95.0,36.37593,127.34325,12,세종특별시
2026-06-15T11:05:08+09:00,ALPACA,424458,99.0,36.37594,127.343315,12,세종특별시
2026-06-15T11:05:08+09:00,ALPACA,424903,88.0,36.37599,127.343346,12,세종특별시
2026-06-15T11:05:08+09:00,ALPACA,425385,98.0,36.37601,127.343346,12,세종특별시
2026-06-15T11:05:08+09:00,ALPACA,426367,64.0,36.376015,127.315575,12,세종특별시
2026-06-15T11:05:08+09:00,ALPACA,426380,72.0,36.37604,127.31558,12,세종특별시
2026-06-15T11:05:08+09:00,ALPACA,426275,53.0,36.37618,127.318115,12,세종특별시
2026-06-15T11:05:08+09:00,ALPACA,425970,65.0,36.376225,127.32361,12,세종특별시
2026-06-15T11:05:08+09:00,ALPACA,426468,81.0,36.37625,127.3178,12,세종특별시
2026-06-15T11:05:08+09:00,ALPACA,425713,96.0,36.376305,127.31809,12,세종특별시
2026-06-15T11:05:08+09:00,ALPACA,426369,89.0,36.376423,127.34488,12,세종특별시
2026-06-15T11:05:08+09:00,ALPACA,424401,68.0,36.37653,127.356346,12,세종특별시
2026-06-15T11:05:08+09:00,ALPACA,424346,40.0,36.37665,127.34351,12,세종특별시
2026-06-15T11:05:08+09:00,ALPACA,424668,93.0,36.37673,127.344185,12,세종특별시
2026-06-15T11:05:08+09:00,ALPACA,425202,81.0,36.376736,127.34402,12,세종특별시
2026-06-15T11:05:08+09:00,ALPACA,425705,93.0,36.376785,127.34415,12,세종특별시
2026-06-15T11:05:08+09:00,ALPACA,425029,68.0,36.37679,127.344055,12,세종특별시
2026-06-15T11:05:08+09:00,ALPACA,424665,83.0,36.376812,127.34418,12,세종특별시
2026-06-15T11:05:08+09:00,ALPACA,424850,91.0,36.376842,127.34418,12,세종특별시
2026-06-15T11:05:08+09:00,ALPACA,426352,38.0,36.376865,127.315025,12,세종특별시
2026-06-15T11:05:08+09:00,ALPACA,426106,48.0,36.37703,127.324646,12,세종특별시
2026-06-15T11:05:08+09:00,ALPACA,425349,80.0,36.37728,127.34337,12,세종특별시
2026-06-15T11:05:08+09:00,ALPACA,425961,42.0,36.37787,127.324715,12,세종특별시
2026-06-15T11:05:08+09:00,ALPACA,426233,91.0,36.377945,127.30402,12,세종특별시
2026-06-15T11:05:08+09:00,ALPACA,426317,44.0,36.37842,127.316895,12,세종특별시
2026-06-15T11:05:08+09:00,ALPACA,425248,47.0,36.378452,127.34295,12,세종특별시
2026-06-15T11:05:08+09:00,ALPACA,424880,92.0,36.378475,127.315636,12,세종특별시
2026-06-15T11:05:08+09:00,ALPACA,424982,76.0,36.378605,127.31698,12,세종특별시
2026-06-15T11:05:08+09:00,ALPACA,426447,49.0,36.378735,127.3202,12,세종특별시
2026-06-15T11:05:08+09:00,ALPACA,426110,65.0,36.379402,127.31587,12,세종특별시
2026-06-15T11:05:08+09:00,ALPACA,426469,49.0,36.379536,127.32516,12,세종특별시
2026-06-15T11:05:08+09:00,ALPACA,426364,72.0,36.37954,127.316086,12,세종특별시
2026-06-15T11:05:08+09:00,ALPACA,424525,68.0,36.38085,127.33766,12,세종특별시
2026-06-15T11:05:08+09:00,ALPACA,425241,30.0,36.381367,127.324715,12,세종특별시
2026-06-15T11:05:08+09:00,ALPACA,425531,43.0,36.38258,127.319176,12,세종특별시
2026-06-15T11:05:08+09:00,ALPACA,424949,96.0,36.382713,127.323875,12,세종특별시
2026-06-15T11:05:08+09:00,ALPACA,425117,84.0,36.383396,127.32094,12,세종특별시
2026-06-15T11:05:08+09:00,ALPACA,426207,35.0,36.38366,127.3195,12,세종특별시
2026-06-15T11:05:08+09:00,ALPACA,426443,100.0,36.38367,127.31982,12,세종특별시
2026-06-15T11:05:08+09:00,ALPACA,426303,100.0,36.383705,127.3198,12,세종특별시
2026-06-15T11:05:08+09:00,ALPACA,426440,100.0,36.38371,127.3198,12,세종특별시
2026-06-15T11:05:08+09:00,ALPACA,426479,89.0,36.383713,127.319855,12,세종특별시
2026-06-15T11:05:08+09:00,ALPACA,426561,99.0,36.383717,127.31979,12,세종특별시
2026-06-15T11:05:08+09:00,ALPACA,426356,90.0,36.38372,127.31977,12,세종특별시
2026-06-15T11:05:08+09:00,ALPACA,426230,100.0,36.383724,127.31979,12,세종특별시
2026-06-15T11:05:08+09:00,ALPACA,426432,52.0,36.383724,127.31917,12,세종특별시
2026-06-15T11:05:08+09:00,ALPACA,425905,81.0,36.383728,127.319756,12,세종특별시
2026-06-15T11:05:08+09:00,ALPACA,425971,100.0,36.38375,127.31977,12,세종특별시
2026-06-15T11:05:08+09:00,ALPACA,426326,60.0,36.383774,127.31974,12,세종특별시
2026-06-15T11:05:08+09:00,ALPACA,424717,83.0,36.383774,127.30337,12,세종특별시
2026-06-15T11:05:08+09:00,ALPACA,425702,95.0,36.3838,127.31977,12,세종특별시
2026-06-15T11:05:08+09:00,ALPACA,426430,70.0,36.383823,127.319145,12,세종특별시
2026-06-15T11:05:08+09:00,ALPACA,426130,99.0,36.383854,127.3191,12,세종특별시
2026-06-15T11:05:08+09:00,ALPACA,426372,100.0,36.383865,127.31909,12,세종특별시
2026-06-15T11:05:08+09:00,ALPACA,426485,94.0,36.383907,127.319115,12,세종특별시
2026-06-15T11:05:08+09:00,ALPACA,425506,80.0,36.384212,127.36762,12,세종특별시
2026-06-15T11:05:08+09:00,ALPACA,425243,85.0,36.384308,127.31998,12,세종특별시
2026-06-15T11:05:08+09:00,ALPACA,426404,56.0,36.38485,127.324615,12,세종특별시
2026-06-15T11:05:08+09:00,ALPACA,425179,54.0,36.384888,127.32376,12,세종특별시
2026-06-15T11:05:08+09:00,ALPACA,425727,82.0,36.38503,127.32436,12,세종특별시
2026-06-15T11:05:08+09:00,ALPACA,426296,62.0,36.385063,127.32424,12,세종특별시
2026-06-15T11:05:08+09:00,ALPACA,426472,39.0,36.385086,127.324326,12,세종특별시
2026-06-15T11:05:08+09:00,ALPACA,426412,97.0,36.38509,127.30794,12,세종특별시
2026-06-15T11:05:08+09:00,ALPACA,426528,36.0,36.385265,127.32443,12,세종특별시
2026-06-15T11:05:08+09:00,ALPACA,426298,61.0,36.385635,127.328224,12,세종특별시
2026-06-15T11:05:08+09:00,ALPACA,425969,92.0,36.385647,127.32822,12,세종특별시
2026-06-15T11:05:08+09:00,ALPACA,424712,80.0,36.38569,127.32819,12,세종특별시
2026-06-15T11:05:08+09:00,ALPACA,426428,38.0,36.385708,127.32818,12,세종특별시
2026-06-15T11:05:08+09:00,ALPACA,426390,91.0,36.38571,127.32817,12,세종특별시
2026-06-15T11:05:08+09:00,ALPACA,414714,100.0,36.385803,127.377365,12,세종특별시
2026-06-15T11:05:08+09:00,ALPACA,426129,58.0,36.385807,127.30859,12,세종특별시
2026-06-15T11:05:08+09:00,ALPACA,424509,100.0,36.385815,127.37732,12,세종특별시
2026-06-15T11:05:08+09:00,ALPACA,414750,100.0,36.385822,127.37734,12,세종특별시
2026-06-15T11:05:08+09:00,ALPACA,414717,100.0,36.385826,127.37734,12,세종특별시
2026-06-15T11:05:08+09:00,ALPACA,414748,100.0,36.385826,127.37734,12,세종특별시
2026-06-15T11:05:08+09:00,ALPACA,426046,100.0,36.385838,127.377335,12,세종특별시
2026-06-15T11:05:08+09:00,ALPACA,426109,51.0,36.386055,127.32817,12,세종특별시
2026-06-15T11:05:08+09:00,ALPACA,426280,88.0,36.3861,127.32676,12,세종특별시
2026-06-15T11:05:08+09:00,ALPACA,425083,92.0,36.3862,127.32527,12,세종특별시
2026-06-15T11:05:08+09:00,ALPACA,426244,85.0,36.386227,127.32521,12,세종특별시
2026-06-15T11:05:08+09:00,ALPACA,426086,94.0,36.386375,127.318375,12,세종특별시
2026-06-15T11:05:08+09:00,ALPACA,425909,98.0,36.38664,127.315865,12,세종특별시
2026-06-15T11:05:08+09:00,ALPACA,426377,48.0,36.386665,127.31672,12,세종특별시
2026-06-15T11:05:08+09:00,ALPACA,425642,100.0,36.38679,127.31584,12,세종특별시
2026-06-15T11:05:08+09:00,ALPACA,426387,39.0,36.386887,127.31594,12,세종특별시
2026-06-15T11:05:08+09:00,ALPACA,426347,45.0,36.386913,127.31802,12,세종특별시
2026-06-15T11:05:08+09:00,ALPACA,426229,100.0,36.38696,127.315956,12,세종특별시
2026-06-15T11:05:08+09:00,ALPACA,426202,99.0,36.386967,127.31781,12,세종특별시
2026-06-15T11:05:08+09:00,ALPACA,424832,68.0,36.386997,127.31789,12,세종특별시
2026-06-15T11:05:08+09:00,ALPACA,426449,72.0,36.387016,127.317856,12,세종특별시
2026-06-15T11:05:08+09:00,ALPACA,425281,87.0,36.387028,127.322464,12,세종특별시
2026-06-15T11:05:08+09:00,ALPACA,426388,99.0,36.38733,127.32552,12,세종특별시
2026-06-15T11:05:08+09:00,ALPACA,424635,89.0,36.387386,127.30984,12,세종특별시
2026-06-15T11:05:08+09:00,ALPACA,414796,93.0,36.387424,127.40487,12,세종특별시
2026-06-15T11:05:08+09:00,ALPACA,426239,86.0,36.38745,127.31304,12,세종특별시
2026-06-15T11:05:08+09:00,ALPACA,424328,84.0,36.38746,127.31294,12,세종특별시
2026-06-15T11:05:08+09:00,ALPACA,424363,76.0,36.387497,127.31835,12,세종특별시
2026-06-15T11:05:08+09:00,ALPACA,426148,96.0,36.387505,127.318375,12,세종특별시
2026-06-15T11:05:08+09:00,ALPACA,426383,33.0,36.387604,127.3089,12,세종특별시
2026-06-15T11:05:08+09:00,ALPACA,426498,95.0,36.387653,127.30948,12,세종특별시
2026-06-15T11:05:08+09:00,ALPACA,426445,70.0,36.38767,127.32451,12,세종특별시
2026-06-15T11:05:08+09:00,ALPACA,426252,87.0,36.387684,127.3122,12,세종특별시
2026-06-15T11:05:08+09:00,ALPACA,426240,55.0,36.387722,127.311806,12,세종특별시
2026-06-15T11:05:08+09:00,ALPACA,426417,93.0,36.38773,127.31176,12,세종특별시
2026-06-15T11:05:08+09:00,ALPACA,426532,84.0,36.387753,127.303246,12,세종특별시
2026-06-15T11:05:08+09:00,ALPACA,426274,57.0,36.387863,127.32413,12,세종특별시
2026-06-15T11:05:08+09:00,ALPACA,425448,81.0,36.388226,127.34913,12,세종특별시
2026-06-15T11:05:08+09:00,ALPACA,426060,75.0,36.388245,127.33357,12,세종특별시
2026-06-15T11:05:08+09:00,ALPACA,426362,96.0,36.38874,127.31272,12,세종특별시
2026-06-15T11:05:08+09:00,ALPACA,426266,61.0,36.389297,127.314186,12,세종특별시
2026-06-15T11:05:08+09:00,ALPACA,426272,74.0,36.389503,127.29989,12,세종특별시
2026-06-15T11:05:08+09:00,ALPACA,426351,99.0,36.38966,127.30327,12,세종특별시
2026-06-15T11:05:08+09:00,ALPACA,426429,100.0,36.389664,127.350945,12,세종특별시
2026-06-15T11:05:08+09:00,ALPACA,424708,100.0,36.38975,127.348724,12,세종특별시
2026-06-15T11:05:08+09:00,ALPACA,415442,94.0,36.39018,127.39921,12,세종특별시
2026-06-15T11:05:08+09:00,ALPACA,414901,100.0,36.390182,127.399284,12,세종특별시
2026-06-15T11:05:08+09:00,ALPACA,424883,72.0,36.390182,127.39919,12,세종특별시
2026-06-15T11:05:08+09:00,ALPACA,414612,99.0,36.390186,127.399155,12,세종특별시
2026-06-15T11:05:08+09:00,ALPACA,424646,94.0,36.390186,127.39919,12,세종특별시
2026-06-15T11:05:08+09:00,ALPACA,415142,97.0,36.390194,127.399185,12,세종특별시
2026-06-15T11:05:08+09:00,ALPACA,424697,98.0,36.390194,127.399315,12,세종특별시
2026-06-15T11:05:08+09:00,ALPACA,426203,36.0,36.390198,127.31471,12,세종특별시
2026-06-15T11:05:08+09:00,ALPACA,424973,99.0,36.390198,127.399254,12,세종특별시
2026-06-15T11:05:08+09:00,ALPACA,414739,96.0,36.3902,127.39926,12,세종특별시
2026-06-15T11:05:08+09:00,ALPACA,426517,98.0,36.39021,127.39923,12,세종특별시
2026-06-15T11:05:08+09:00,ALPACA,425182,97.0,36.39021,127.39931,12,세종특별시
2026-06-15T11:05:08+09:00,ALPACA,415292,80.0,36.390213,127.399155,12,세종특별시
2026-06-15T11:05:08+09:00,ALPACA,425433,68.0,36.39022,127.39917,12,세종특별시
2026-06-15T11:05:08+09:00,ALPACA,424887,83.0,36.39023,127.40696,12,세종특별시
2026-06-15T11:05:08+09:00,ALPACA,426273,56.0,36.390278,127.3048,12,세종특별시
2026-06-15T11:05:08+09:00,ALPACA,426382,84.0,36.390472,127.305885,12,세종특별시
2026-06-15T11:05:08+09:00,ALPACA,426464,97.0,36.39052,127.30593,12,세종특별시
2026-06-15T11:05:08+09:00,ALPACA,426209,57.0,36.390526,127.30587,12,세종특별시
2026-06-15T11:05:08+09:00,ALPACA,426245,90.0,36.390743,127.30877,12,세종특별시
2026-06-15T11:05:08+09:00,ALPACA,424439,74.0,36.39101,127.32967,12,세종특별시
2026-06-15T11:05:08+09:00,ALPACA,414678,75.0,36.39109,127.40185,12,세종특별시
2026-06-15T11:05:08+09:00,ALPACA,414429,63.0,36.391315,127.31566,12,세종특별시
2026-06-15T11:05:08+09:00,ALPACA,425525,66.0,36.391342,127.312164,12,세종특별시
2026-06-15T11:05:08+09:00,ALPACA,426343,69.0,36.3915,127.31477,12,세종특별시
2026-06-15T11:05:08+09:00,ALPACA,425374,55.0,36.391506,127.36472,12,세종특별시
2026-06-15T11:05:08+09:00,ALPACA,426518,57.0,36.391514,127.3148,12,세종특별시
2026-06-15T11:05:08+09:00,ALPACA,424725,69.0,36.391537,127.31474,12,세종특별시
2026-06-15T11:05:08+09:00,ALPACA,425436,71.0,36.39154,127.31479,12,세종특별시
2026-06-15T11:05:08+09:00,ALPACA,425973,92.0,36.391624,127.31248,12,세종특별시
2026-06-15T11:05:08+09:00,ALPACA,426328,43.0,36.39181,127.31407,12,세종특별시
2026-06-15T11:05:08+09:00,ALPACA,426385,98.0,36.391815,127.31145,12,세종특별시
2026-06-15T11:05:08+09:00,ALPACA,426102,54.0,36.39187,127.31431,12,세종특별시
2026-06-15T11:05:08+09:00,ALPACA,426473,38.0,36.391926,127.31432,12,세종특별시
2026-06-15T11:05:08+09:00,ALPACA,424764,45.0,36.392334,127.314804,12,세종특별시
2026-06-15T11:05:08+09:00,ALPACA,425977,58.0,36.392525,127.31403,12,세종특별시
2026-06-15T11:05:08+09:00,ALPACA,426178,89.0,36.39258,127.313034,12,세종특별시
2026-06-15T11:05:08+09:00,ALPACA,424926,79.0,36.393276,127.3996,12,세종특별시
2026-06-15T11:05:08+09:00,ALPACA,426265,80.0,36.39347,127.35267,12,세종특별시
2026-06-15T11:05:08+09:00,ALPACA,426250,38.0,36.393757,127.31229,12,세종특별시
2026-06-15T11:05:08+09:00,ALPACA,426386,92.0,36.39455,127.31088,12,세종특별시
2026-06-15T11:05:08+09:00,ALPACA,425446,65.0,36.39505,127.3129,12,세종특별시
2026-06-15T11:05:08+09:00,ALPACA,426353,64.0,36.39544,127.313324,12,세종특별시
2026-06-15T11:05:08+09:00,ALPACA,424418,77.0,36.395535,127.310326,12,세종특별시
2026-06-15T11:05:08+09:00,ALPACA,414936,74.0,36.39674,127.400276,12,세종특별시
2026-06-15T11:05:08+09:00,ALPACA,424904,69.0,36.398495,127.400375,12,세종특별시
2026-06-15T11:05:08+09:00,ALPACA,425335,98.0,36.398674,127.39261,12,세종특별시
2026-06-15T11:05:08+09:00,ALPACA,414702,99.0,36.399685,127.391335,12,세종특별시
2026-06-15T11:05:08+09:00,ALPACA,414825,98.0,36.399708,127.40745,12,세종특별시
2026-06-15T11:05:08+09:00,ALPACA,425257,83.0,36.399757,127.39752,12,세종특별시
2026-06-15T11:05:08+09:00,ALPACA,415044,96.0,36.399815,127.402466,12,세종특별시
2026-06-15T11:05:08+09:00,ALPACA,414727,98.0,36.40091,127.411026,12,세종특별시
2026-06-15T11:05:08+09:00,ALPACA,425362,76.0,36.401062,127.390686,12,세종특별시
2026-06-15T11:05:08+09:00,ALPACA,414672,99.0,36.401077,127.390656,12,세종특별시
2026-06-15T11:05:08+09:00,ALPACA,414690,69.0,36.401077,127.390656,12,세종특별시
2026-06-15T11:05:08+09:00,ALPACA,414773,76.0,36.401085,127.390625,12,세종특별시
2026-06-15T11:05:08+09:00,ALPACA,424314,97.0,36.401104,127.39068,12,세종특별시
2026-06-15T11:05:08+09:00,ALPACA,424460,97.0,36.40111,127.39061,12,세종특별시
2026-06-15T11:05:08+09:00,ALPACA,414524,89.0,36.401436,127.40765,12,세종특별시
2026-06-15T11:05:08+09:00,ALPACA,425192,98.0,36.403355,127.397575,12,세종특별시
2026-06-15T11:05:08+09:00,ALPACA,414898,56.0,36.40528,127.39769,12,세종특별시
2026-06-15T11:05:08+09:00,ALPACA,414643,62.0,36.411682,127.40615,12,세종특별시
2026-06-15T11:05:08+09:00,ALPACA,424765,87.0,36.41186,127.41124,12,세종특별시
2026-06-15T11:05:08+09:00,ALPACA,425305,57.0,36.412758,127.40816,12,세종특별시
2026-06-15T11:05:08+09:00,ALPACA,425704,44.0,36.41315,127.40505,12,세종특별시
2026-06-15T11:05:08+09:00,ALPACA,415569,56.0,36.41324,127.40635,12,세종특별시
2026-06-15T11:05:08+09:00,ALPACA,424780,69.0,36.41326,127.406334,12,세종특별시
2026-06-15T11:05:08+09:00,ALPACA,414541,58.0,36.416164,127.3965,12,세종특별시
2026-06-15T11:05:08+09:00,ALPACA,424593,83.0,36.417976,127.39082,12,세종특별시
2026-06-15T11:05:08+09:00,ALPACA,425387,65.0,36.418247,127.39745,12,세종특별시
2026-06-15T11:05:08+09:00,ALPACA,414779,95.0,36.41845,127.39742,12,세종특별시
2026-06-15T11:05:08+09:00,ALPACA,424954,94.0,36.418774,127.40836,12,세종특별시
2026-06-15T11:05:08+09:00,ALPACA,414687,100.0,36.419006,127.387054,12,세종특별시
2026-06-15T11:05:08+09:00,ALPACA,414648,79.0,36.419205,127.38161,12,세종특별시
2026-06-15T11:05:08+09:00,ALPACA,414827,95.0,36.419476,127.41061,12,세종특별시
2026-06-15T11:05:08+09:00,ALPACA,424550,66.0,36.419666,127.39398,12,세종특별시
2026-06-15T11:05:08+09:00,ALPACA,425409,58.0,36.419746,127.40644,12,세종특별시
2026-06-15T11:05:08+09:00,ALPACA,425191,86.0,36.420033,127.38586,12,세종특별시
2026-06-15T11:05:08+09:00,ALPACA,414669,99.0,36.420067,127.39225,12,세종특별시
2026-06-15T11:05:08+09:00,ALPACA,414966,91.0,36.420147,127.39225,12,세종특별시
2026-06-15T11:05:08+09:00,ALPACA,415070,96.0,36.420494,127.39177,12,세종특별시
2026-06-15T11:05:08+09:00,ALPACA,424827,57.0,36.420643,127.38442,12,세종특별시
2026-06-15T11:05:08+09:00,ALPACA,425575,68.0,36.42106,127.38172,12,세종특별시
2026-06-15T11:05:08+09:00,ALPACA,414689,100.0,36.421383,127.39428,12,세종특별시
2026-06-15T11:05:08+09:00,ALPACA,414566,100.0,36.421726,127.394264,12,세종특별시
2026-06-15T11:05:08+09:00,ALPACA,414953,86.0,36.421738,127.39323,12,세종특별시
2026-06-15T11:05:08+09:00,ALPACA,424539,71.0,36.421803,127.40433,12,세종특별시
2026-06-15T11:05:08+09:00,ALPACA,425367,60.0,36.42183,127.40773,12,세종특별시
2026-06-15T11:05:08+09:00,ALPACA,425551,77.0,36.422134,127.39613,12,세종특별시
2026-06-15T11:05:08+09:00,ALPACA,414831,100.0,36.422195,127.38757,12,세종특별시
2026-06-15T11:05:08+09:00,ALPACA,414776,100.0,36.422256,127.387596,12,세종특별시
2026-06-15T11:05:08+09:00,ALPACA,414914,100.0,36.422268,127.38754,12,세종특별시
2026-06-15T11:05:08+09:00,ALPACA,411733,96.0,36.422504,127.407,12,세종특별시
2026-06-15T11:05:08+09:00,ALPACA,414823,93.0,36.422623,127.40054,12,세종특별시
2026-06-15T11:05:08+09:00,ALPACA,425494,61.0,36.422726,127.40008,12,세종특별시
2026-06-15T11:05:08+09:00,ALPACA,414268,64.0,36.422913,127.38895,12,세종특별시
2026-06-15T11:05:08+09:00,ALPACA,414821,89.0,36.423122,127.40594,12,세종특별시
2026-06-15T11:05:08+09:00,ALPACA,425236,100.0,36.423275,127.39275,12,세종특별시
2026-06-15T11:05:08+09:00,ALPACA,414732,100.0,36.42347,127.39226,12,세종특별시
2026-06-15T11:05:08+09:00,ALPACA,424825,96.0,36.42347,127.392265,12,세종특별시
2026-06-15T11:05:08+09:00,ALPACA,414937,73.0,36.42349,127.39224,12,세종특별시
2026-06-15T11:05:08+09:00,ALPACA,425711,68.0,36.42349,127.39227,12,세종특별시
2026-06-15T11:05:08+09:00,ALPACA,426257,100.0,36.42349,127.39225,12,세종특별시
2026-06-15T11:05:08+09:00,ALPACA,414830,79.0,36.423496,127.39229,12,세종특별시
2026-06-15T11:05:08+09:00,ALPACA,424816,100.0,36.423496,127.39228,12,세종특별시
2026-06-15T11:05:08+09:00,ALPACA,414753,97.0,36.42365,127.40516,12,세종특별시
2026-06-15T11:05:08+09:00,ALPACA,414533,93.0,36.42367,127.4053,12,세종특별시
2026-06-15T11:05:08+09:00,ALPACA,424583,81.0,36.423676,127.405205,12,세종특별시
2026-06-15T11:05:08+09:00,ALPACA,414651,90.0,36.423725,127.40488,12,세종특별시
2026-06-15T11:05:08+09:00,ALPACA,414767,63.0,36.424538,127.389465,12,세종특별시
2026-06-15T11:05:08+09:00,ALPACA,425734,100.0,36.42461,127.39297,12,세종특별시
2026-06-15T11:05:08+09:00,ALPACA,414754,57.0,36.424698,127.40046,12,세종특별시
2026-06-15T11:05:08+09:00,ALPACA,424116,67.0,36.42471,127.39227,12,세종특별시
2026-06-15T11:05:08+09:00,ALPACA,424555,81.0,36.425125,127.39005,12,세종특별시
2026-06-15T11:05:08+09:00,ALPACA,415078,95.0,36.425358,127.39216,12,세종특별시
2026-06-15T11:05:08+09:00,ALPACA,414284,95.0,36.425426,127.39216,12,세종특별시
2026-06-15T11:05:08+09:00,ALPACA,414481,53.0,36.425526,127.393074,12,세종특별시
2026-06-15T11:05:08+09:00,ALPACA,425467,59.0,36.42554,127.393005,12,세종특별시
2026-06-15T11:05:08+09:00,ALPACA,415586,52.0,36.425552,127.39418,12,세종특별시
2026-06-15T11:05:08+09:00,ALPACA,425510,60.0,36.42561,127.39305,12,세종특별시
2026-06-15T11:05:08+09:00,ALPACA,414681,77.0,36.42564,127.39891,12,세종특별시
2026-06-15T11:05:08+09:00,ALPACA,424586,48.0,36.42572,127.389824,12,세종특별시
2026-06-15T11:05:08+09:00,ALPACA,425412,62.0,36.4258,127.38987,12,세종특별시
2026-06-15T11:05:08+09:00,ALPACA,424442,67.0,36.426086,127.39168,12,세종특별시
2026-06-15T11:05:08+09:00,ALPACA,425348,100.0,36.4261,127.390884,12,세종특별시
2026-06-15T11:05:08+09:00,ALPACA,414539,51.0,36.426254,127.391335,12,세종특별시
2026-06-15T11:05:08+09:00,ALPACA,414790,92.0,36.426254,127.390465,12,세종특별시
2026-06-15T11:05:08+09:00,ALPACA,414375,100.0,36.426323,127.39255,12,세종특별시
2026-06-15T11:05:08+09:00,ALPACA,425148,100.0,36.426376,127.39363,12,세종특별시
2026-06-15T11:05:08+09:00,ALPACA,410295,100.0,36.426437,127.39041,12,세종특별시
2026-06-15T11:05:08+09:00,ALPACA,424942,95.0,36.42664,127.3903,12,세종특별시
2026-06-15T11:05:08+09:00,ALPACA,411692,92.0,36.426975,127.38953,12,세종특별시
2026-06-15T11:05:08+09:00,ALPACA,424938,100.0,36.427086,127.394066,12,세종특별시
2026-06-15T11:05:08+09:00,ALPACA,414915,79.0,36.427414,127.402504,12,세종특별시
2026-06-15T11:05:08+09:00,ALPACA,424443,65.0,36.427795,127.39089,12,세종특별시
2026-06-15T11:05:08+09:00,ALPACA,425306,76.0,36.428364,127.3985,12,세종특별시
2026-06-15T11:05:08+09:00,ALPACA,414731,100.0,36.428577,127.391426,12,세종특별시
2026-06-15T11:05:08+09:00,ALPACA,415221,60.0,36.428673,127.3916,12,세종특별시
2026-06-15T11:05:08+09:00,ALPACA,425087,70.0,36.42878,127.39551,12,세종특별시
2026-06-15T11:05:08+09:00,ALPACA,425253,92.0,36.428925,127.39552,12,세종특별시
2026-06-15T11:05:08+09:00,ALPACA,425021,100.0,36.428967,127.38932,12,세종특별시
2026-06-15T11:05:08+09:00,ALPACA,425226,86.0,36.429646,127.38841,12,세종특별시
2026-06-15T11:05:08+09:00,ALPACA,414653,81.0,36.429653,127.393234,12,세종특별시
2026-06-15T11:05:08+09:00,ALPACA,424649,90.0,36.42984,127.39624,12,세종특별시
2026-06-15T11:05:08+09:00,ALPACA,425275,98.0,36.43029,127.39371,12,세종특별시
2026-06-15T11:05:08+09:00,ALPACA,414763,81.0,36.430313,127.39371,12,세종특별시
2026-06-15T11:05:08+09:00,ALPACA,414304,70.0,36.43032,127.38999,12,세종특별시
2026-06-15T11:05:08+09:00,ALPACA,414730,100.0,36.43057,127.39298,12,세종특별시
2026-06-15T11:05:08+09:00,ALPACA,424601,62.0,36.43121,127.38357,12,세종특별시
2026-06-15T11:05:08+09:00,ALPACA,414308,86.0,36.431248,127.39436,12,세종특별시
2026-06-15T11:05:08+09:00,ALPACA,414931,97.0,36.431248,127.39438,12,세종특별시
2026-06-15T11:05:08+09:00,ALPACA,410334,49.0,36.431282,127.394485,12,세종특별시
2026-06-15T11:05:08+09:00,ALPACA,414704,100.0,36.431293,127.39335,12,세종특별시
2026-06-15T11:05:08+09:00,ALPACA,425453,88.0,36.431355,127.39758,12,세종특별시
2026-06-15T11:05:08+09:00,ALPACA,414543,96.0,36.431534,127.39754,12,세종특별시
2026-06-15T11:05:08+09:00,ALPACA,415427,70.0,36.431553,127.39399,12,세종특별시
2026-06-15T11:05:08+09:00,ALPACA,414728,89.0,36.431667,127.39372,12,세종특별시
2026-06-15T11:05:08+09:00,ALPACA,414765,52.0,36.43168,127.39379,12,세종특별시
2026-06-15T11:05:08+09:00,ALPACA,414676,57.0,36.431934,127.39356,12,세종특별시
2026-06-15T11:05:08+09:00,ALPACA,424768,100.0,36.432198,127.393135,12,세종특별시
2026-06-15T11:05:08+09:00,ALPACA,425110,100.0,36.432365,127.39407,12,세종특별시
2026-06-15T11:05:08+09:00,ALPACA,414775,100.0,36.43237,127.39418,12,세종특별시
2026-06-15T11:05:08+09:00,ALPACA,414558,99.0,36.43239,127.38155,12,세종특별시
2026-06-15T11:05:08+09:00,ALPACA,424434,52.0,36.432396,127.38414,12,세종특별시
2026-06-15T11:05:08+09:00,ALPACA,414738,53.0,36.43243,127.39408,12,세종특별시
2026-06-15T11:05:08+09:00,ALPACA,414774,80.0,36.4326,127.38414,12,세종특별시
2026-06-15T11:05:08+09:00,ALPACA,414746,64.0,36.43275,127.39161,12,세종특별시
2026-06-15T11:05:08+09:00,ALPACA,414737,51.0,36.432827,127.394516,12,세종특별시
2026-06-15T11:05:08+09:00,ALPACA,414679,100.0,36.43294,127.38458,12,세종특별시
2026-06-15T11:05:08+09:00,ALPACA,425183,97.0,36.43316,127.38392,12,세종특별시
2026-06-15T11:05:08+09:00,ALPACA,425417,91.0,36.433212,127.384415,12,세종특별시
2026-06-15T11:05:08+09:00,ALPACA,415275,100.0,36.43347,127.382935,12,세종특별시
2026-06-15T11:05:08+09:00,ALPACA,414654,100.0,36.433575,127.38274,12,세종특별시
2026-06-15T11:05:08+09:00,ALPACA,424820,100.0,36.43375,127.385925,12,세종특별시
2026-06-15T11:05:08+09:00,ALPACA,414677,94.0,36.43431,127.385216,12,세종특별시
2026-06-15T11:05:08+09:00,ALPACA,424917,99.0,36.434444,127.392876,12,세종특별시
2026-06-15T11:05:08+09:00,ALPACA,426235,94.0,36.434452,127.40869,12,세종특별시
2026-06-15T11:05:08+09:00,ALPACA,414416,100.0,36.434555,127.38898,12,세종특별시
2026-06-15T11:05:08+09:00,ALPACA,415253,61.0,36.434692,127.38795,12,세종특별시
2026-06-15T11:05:08+09:00,ALPACA,414513,99.0,36.434956,127.39313,12,세종특별시
2026-06-15T11:05:08+09:00,ALPACA,425479,87.0,36.435455,127.403046,12,세종특별시
2026-06-15T11:05:08+09:00,ALPACA,414696,96.0,36.435905,127.403885,12,세종특별시
2026-06-15T11:05:08+09:00,ALPACA,414503,54.0,36.435974,127.40406,12,세종특별시
2026-06-15T11:05:08+09:00,ALPACA,414839,100.0,36.436565,127.389275,12,세종특별시
2026-06-15T11:05:08+09:00,ALPACA,415470,87.0,36.436783,127.3813,12,세종특별시
2026-06-15T11:05:08+09:00,ALPACA,426234,83.0,36.436787,127.38891,12,세종특별시
2026-06-15T11:05:08+09:00,ALPACA,426484,100.0,36.43732,127.388435,12,세종특별시
2026-06-15T11:05:08+09:00,ALPACA,426256,82.0,36.437454,127.388435,12,세종특별시
2026-06-15T11:05:08+09:00,ALPACA,414948,94.0,36.438084,127.39494,12,세종특별시
2026-06-15T11:05:08+09:00,ALPACA,426305,69.0,36.438095,127.381996,12,세종특별시
2026-06-15T11:05:08+09:00,ALPACA,414912,100.0,36.438103,127.38237,12,세종특별시
2026-06-15T11:05:08+09:00,ALPACA,414759,100.0,36.43812,127.3815,12,세종특별시
2026-06-15T11:05:08+09:00,ALPACA,414794,80.0,36.43812,127.38202,12,세종특별시
2026-06-15T11:05:08+09:00,ALPACA,414943,100.0,36.43813,127.38232,12,세종특별시
2026-06-15T11:05:08+09:00,ALPACA,424760,100.0,36.43815,127.38154,12,세종특별시
2026-06-15T11:05:08+09:00,ALPACA,415516,76.0,36.438152,127.38194,12,세종특별시
2026-06-15T11:05:08+09:00,ALPACA,414706,79.0,36.438187,127.382065,12,세종특별시
2026-06-15T11:05:08+09:00,ALPACA,414684,97.0,36.43893,127.39512,12,세종특별시
2026-06-15T11:05:08+09:00,ALPACA,414532,57.0,36.43929,127.38143,12,세종특별시
2026-06-15T11:05:08+09:00,ALPACA,415439,100.0,36.439877,127.38223,12,세종특별시
2026-06-15T11:05:08+09:00,ALPACA,424542,90.0,36.439896,127.38476,12,세종특별시
2026-06-15T11:05:08+09:00,ALPACA,424564,58.0,36.440174,127.38336,12,세종특별시
2026-06-15T11:05:08+09:00,ALPACA,424719,100.0,36.440266,127.38345,12,세종특별시
2026-06-15T11:05:08+09:00,ALPACA,424382,54.0,36.44033,127.38437,12,세종특별시
2026-06-15T11:05:08+09:00,ALPACA,425193,62.0,36.44123,127.38599,12,세종특별시
2026-06-15T11:05:08+09:00,ALPACA,414659,45.0,36.441647,127.399925,12,세종특별시
2026-06-15T11:05:08+09:00,ALPACA,414644,32.0,36.444366,127.41042,12,세종특별시
2026-06-15T11:05:08+09:00,ALPACA,414724,63.0,36.445915,127.41399,12,세종특별시
2026-06-15T11:05:08+09:00,ALPACA,425712,67.0,36.445957,127.405624,12,세종특별시
2026-06-15T11:05:08+09:00,ALPACA,425384,68.0,36.447025,127.40838,12,세종특별시
2026-06-15T11:05:08+09:00,ALPACA,415049,49.0,36.448135,127.42335,12,세종특별시
2026-06-15T11:05:08+09:00,ALPACA,414760,38.0,36.449184,127.41195,12,세종특별시
2026-06-15T11:05:08+09:00,ALPACA,424455,43.0,36.450794,127.432045,12,세종특별시
2026-06-15T11:05:08+09:00,ALPACA,424792,36.0,36.45336,127.423874,12,세종특별시
2026-06-15T11:05:08+09:00,ALPACA,422610,69.0,36.58649,127.294586,12,세종특별시
2026-06-15T11:05:08+09:00,ALPACA,422236,78.0,36.588135,127.28902,12,세종특별시
2026-06-15T11:05:08+09:00,ALPACA,422154,100.0,36.588425,127.29001,12,세종특별시
2026-06-15T11:05:08+09:00,ALPACA,421288,100.0,36.588444,127.290054,12,세종특별시
2026-06-15T11:05:08+09:00,ALPACA,414865,100.0,36.590813,127.29184,12,세종특별시
2026-06-15T11:05:08+09:00,ALPACA,422500,100.0,36.590828,127.291824,12,세종특별시
2026-06-15T11:05:08+09:00,ALPACA,422087,100.0,36.59086,127.29185,12,세종특별시
2026-06-15T11:05:08+09:00,ALPACA,422425,89.0,36.590874,127.29187,12,세종특별시
2026-06-15T11:05:08+09:00,ALPACA,422363,100.0,36.590958,127.29519,12,세종특별시
2026-06-15T11:05:08+09:00,ALPACA,422600,74.0,36.59098,127.29518,12,세종특별시
2026-06-15T11:05:08+09:00,ALPACA,421876,85.0,36.590992,127.2952,12,세종특별시
2026-06-15T11:05:08+09:00,ALPACA,422397,89.0,36.592003,127.29626,12,세종특별시
2026-06-15T11:05:08+09:00,ALPACA,422249,83.0,36.592037,127.29636,12,세종특별시
2026-06-15T11:05:08+09:00,ALPACA,422376,100.0,36.592087,127.29632,12,세종특별시
2026-06-15T11:05:08+09:00,ALPACA,421720,100.0,36.593098,127.28476,12,세종특별시
2026-06-15T11:05:08+09:00,ALPACA,422047,100.0,36.5931,127.284775,12,세종특별시
2026-06-15T11:05:08+09:00,ALPACA,422220,100.0,36.593105,127.28477,12,세종특별시
2026-06-15T11:05:08+09:00,ALPACA,414795,93.0,36.593204,127.28924,12,세종특별시
2026-06-15T11:05:08+09:00,ALPACA,422434,93.0,36.59417,127.30133,12,세종특별시
2026-06-15T11:05:08+09:00,ALPACA,422562,93.0,36.59511,127.28873,12,세종특별시
2026-06-15T11:05:08+09:00,ALPACA,422379,100.0,36.59515,127.28925,12,세종특별시
2026-06-15T11:05:08+09:00,ALPACA,422393,100.0,36.59518,127.289215,12,세종특별시
2026-06-15T11:05:08+09:00,ALPACA,410262,100.0,36.595184,127.28924,12,세종특별시
2026-06-15T11:05:08+09:00,ALPACA,422023,75.0,36.59577,127.289406,12,세종특별시
2026-06-15T11:05:08+09:00,ALPACA,422491,78.0,36.596176,127.29575,12,세종특별시
2026-06-15T11:05:08+09:00,ALPACA,421904,100.0,36.59622,127.29577,12,세종특별시
2026-06-15T11:05:08+09:00,ALPACA,422567,100.0,36.59646,127.28842,12,세종특별시
2026-06-15T11:05:08+09:00,ALPACA,422125,73.0,36.59647,127.2884,12,세종특별시
2026-06-15T11:05:08+09:00,ALPACA,422414,81.0,36.596535,127.30081,12,세종특별시
2026-06-15T11:05:08+09:00,ALPACA,421733,74.0,36.597267,127.29874,12,세종특별시
2026-06-15T11:05:08+09:00,ALPACA,422338,88.0,36.597286,127.29744,12,세종특별시
2026-06-15T11:05:08+09:00,ALPACA,422449,55.0,36.599773,127.29535,12,세종특별시
2026-06-15T11:05:08+09:00,ALPACA,422228,73.0,36.600174,127.294624,12,세종특별시
2026-06-15T11:05:08+09:00,ALPACA,422136,100.0,36.601013,127.29504,12,세종특별시
2026-06-15T11:05:08+09:00,ALPACA,422350,81.0,36.60106,127.29497,12,세종특별시
2026-06-15T11:05:08+09:00,ALPACA,422701,100.0,36.601227,127.29114,12,세종특별시
2026-06-15T11:05:08+09:00,ALPACA,422467,100.0,36.60136,127.2885,12,세종특별시
2026-06-15T11:05:08+09:00,ALPACA,410385,85.0,36.601765,127.28865,12,세종특별시
2026-06-15T11:05:08+09:00,ALPACA,422265,100.0,36.60182,127.290085,12,세종특별시
2026-06-15T11:05:08+09:00,ALPACA,422258,97.0,36.601833,127.29012,12,세종특별시
2026-06-15T11:05:08+09:00,ALPACA,422566,81.0,36.60185,127.294945,12,세종특별시
2026-06-15T11:05:08+09:00,ALPACA,421703,100.0,36.601852,127.2901,12,세종특별시
2026-06-15T11:05:08+09:00,ALPACA,422446,91.0,36.602337,127.29036,12,세종특별시
2026-06-15T11:05:08+09:00,ALPACA,422306,73.0,36.60238,127.28648,12,세종특별시
2026-06-15T11:05:08+09:00,ALPACA,422138,100.0,36.602406,127.29489,12,세종특별시
2026-06-15T11:05:08+09:00,ALPACA,422571,100.0,36.603333,127.29134,12,세종특별시
2026-06-15T11:05:08+09:00,ALPACA,422387,90.0,36.60345,127.30732,12,세종특별시
2026-06-15T11:05:08+09:00,ALPACA,418661,90.0,36.603523,127.29319,12,세종특별시
2026-06-15T11:05:08+09:00,ALPACA,422399,100.0,36.603596,127.29317,12,세종특별시
2026-06-15T11:05:08+09:00,ALPACA,422203,100.0,36.603607,127.29011,12,세종특별시
2026-06-15T11:05:08+09:00,ALPACA,421775,70.0,36.60373,127.29318,12,세종특별시
2026-06-15T11:05:08+09:00,ALPACA,422364,71.0,36.603767,127.29316,12,세종특별시
2026-06-15T11:05:08+09:00,ALPACA,421566,86.0,36.603878,127.29712,12,세종특별시
2026-06-15T11:05:08+09:00,ALPACA,422303,100.0,36.604046,127.297485,12,세종특별시
2026-06-15T11:05:08+09:00,ALPACA,422075,91.0,36.60406,127.29753,12,세종특별시
2026-06-15T11:05:08+09:00,ALPACA,422344,100.0,36.604065,127.29751,12,세종특별시
2026-06-15T11:05:08+09:00,ALPACA,422246,100.0,36.604084,127.297516,12,세종특별시
2026-06-15T11:05:08+09:00,ALPACA,422484,62.0,36.6041,127.297516,12,세종특별시
2026-06-15T11:05:08+09:00,ALPACA,421987,100.0,36.60448,127.292564,12,세종특별시
2026-06-15T11:05:08+09:00,ALPACA,422337,80.0,36.60455,127.29248,12,세종특별시
2026-06-15T11:05:08+09:00,ALPACA,421831,41.0,36.60456,127.29253,12,세종특별시
2026-06-15T11:05:08+09:00,ALPACA,422248,64.0,36.604572,127.2925,12,세종특별시
2026-06-15T11:05:08+09:00,ALPACA,422173,95.0,36.605038,127.293236,12,세종특별시
2026-06-15T11:05:08+09:00,ALPACA,422452,100.0,36.60527,127.29278,12,세종특별시
2026-06-15T11:05:08+09:00,ALPACA,422282,71.0,36.605328,127.29324,12,세종특별시
2026-06-15T11:05:08+09:00,ALPACA,422458,75.0,36.60533,127.29211,12,세종특별시
2026-06-15T11:05:08+09:00,ALPACA,422396,100.0,36.605366,127.29211,12,세종특별시
2026-06-15T11:05:08+09:00,ALPACA,422435,73.0,36.605366,127.29209,12,세종특별시
2026-06-15T11:05:08+09:00,ALPACA,422699,100.0,36.605373,127.29213,12,세종특별시
2026-06-15T11:05:08+09:00,ALPACA,422025,100.0,36.605587,127.297226,12,세종특별시
2026-06-15T11:05:08+09:00,ALPACA,422413,100.0,36.60559,127.29723,12,세종특별시
2026-06-15T11:05:08+09:00,ALPACA,422406,100.0,36.6056,127.29729,12,세종특별시
2026-06-15T11:05:08+09:00,ALPACA,422238,79.0,36.606304,127.29312,12,세종특별시
2026-06-15T11:05:08+09:00,ALPACA,422324,84.0,36.606316,127.2878,12,세종특별시
2026-06-15T11:05:08+09:00,ALPACA,422522,74.0,36.606323,127.29306,12,세종특별시
2026-06-15T11:05:08+09:00,ALPACA,422884,93.0,36.606495,127.29192,12,세종특별시
2026-06-15T11:05:08+09:00,ALPACA,422336,34.0,36.60691,127.289345,12,세종특별시
2026-06-15T11:05:08+09:00,ALPACA,412614,54.0,36.608784,127.29224,12,세종특별시
2026-06-15T11:05:08+09:00,ALPACA,422463,45.0,36.60894,127.28361,12,세종특별시
2026-06-15T11:05:08+09:00,ALPACA,422322,94.0,36.608997,127.28384,12,세종특별시
2026-06-15T11:05:08+09:00,ALPACA,422175,40.0,36.60901,127.28372,12,세종특별시
2026-06-15T11:05:08+09:00,ALPACA,422465,57.0,36.609043,127.283714,12,세종특별시
2026-06-15T11:05:08+09:00,ALPACA,422620,94.0,36.609062,127.28379,12,세종특별시
2026-06-15T11:05:08+09:00,ALPACA,422559,83.0,36.609077,127.283806,12,세종특별시
2026-06-15T11:05:08+09:00,ALPACA,412597,87.0,36.6091,127.28372,12,세종특별시
2026-06-15T11:05:08+09:00,ALPACA,422576,60.0,36.6091,127.2837,12,세종특별시
2026-06-15T11:05:08+09:00,ALPACA,422720,62.0,36.60919,127.28498,12,세종특별시
2026-06-15T11:05:08+09:00,ALPACA,422607,46.0,36.6092,127.29094,12,세종특별시
2026-06-15T11:05:08+09:00,ALPACA,418665,98.0,36.609303,127.28459,12,세종특별시
2026-06-15T11:05:08+09:00,ALPACA,422432,57.0,36.609337,127.28333,12,세종특별시
2026-06-15T11:05:08+09:00,ALPACA,422560,74.0,36.609386,127.286194,12,세종특별시
2026-06-15T11:05:08+09:00,ALPACA,421025,61.0,36.60967,127.28503,12,세종특별시
2026-06-15T11:05:08+09:00,ALPACA,422502,36.0,36.60986,127.28495,12,세종특별시
2026-06-15T11:05:08+09:00,ALPACA,422439,66.0,36.61011,127.284966,12,세종특별시
2026-06-15T11:05:08+09:00,ALPACA,422205,100.0,36.610172,127.29321,12,세종특별시
2026-06-15T11:05:08+09:00,ALPACA,422499,91.0,36.610237,127.28474,12,세종특별시
2026-06-15T11:05:08+09:00,ALPACA,422378,75.0,36.610306,127.296616,12,세종특별시
2026-06-15T11:05:08+09:00,ALPACA,422703,85.0,36.61031,127.29676,12,세종특별시
2026-06-15T11:05:08+09:00,ALPACA,421725,100.0,36.61032,127.29676,12,세종특별시
2026-06-15T11:05:08+09:00,ALPACA,422226,93.0,36.610325,127.28631,12,세종특별시
2026-06-15T11:05:08+09:00,ALPACA,422556,100.0,36.610325,127.29679,12,세종특별시
2026-06-15T11:05:08+09:00,ALPACA,422430,94.0,36.610447,127.2932,12,세종특별시
2026-06-15T11:05:08+09:00,ALPACA,422184,70.0,36.61051,127.2871,12,세종특별시
2026-06-15T11:05:08+09:00,ALPACA,422420,73.0,36.610695,127.293465,12,세종특별시
2026-06-15T11:05:08+09:00,ALPACA,422394,80.0,36.61074,127.29136,12,세종특별시
2026-06-15T11:05:08+09:00,ALPACA,422181,66.0,36.610786,127.29172,12,세종특별시
2026-06-15T11:05:08+09:00,ALPACA,422128,79.0,36.610897,127.288284,12,세종특별시
2026-06-15T11:05:08+09:00,ALPACA,422770,52.0,36.610916,127.29091,12,세종특별시
2026-06-15T11:05:08+09:00,ALPACA,421741,100.0,36.610943,127.29311,12,세종특별시
2026-06-15T11:05:08+09:00,ALPACA,422180,99.0,36.610947,127.28872,12,세종특별시
2026-06-15T11:05:08+09:00,ALPACA,422143,64.0,36.610985,127.28645,12,세종특별시
2026-06-15T11:05:08+09:00,ALPACA,422291,74.0,36.611,127.28635,12,세종특별시
2026-06-15T11:05:08+09:00,ALPACA,422468,100.0,36.61101,127.28643,12,세종특별시
2026-06-15T11:05:08+09:00,ALPACA,422147,68.0,36.61102,127.28641,12,세종특별시
2026-06-15T11:05:08+09:00,ALPACA,422328,38.0,36.61106,127.29008,12,세종특별시
2026-06-15T11:05:08+09:00,ALPACA,422450,30.0,36.611088,127.2864,12,세종특별시
2026-06-15T11:05:08+09:00,ALPACA,422130,47.0,36.611103,127.28619,12,세종특별시
2026-06-15T11:05:08+09:00,ALPACA,422391,100.0,36.611156,127.29014,12,세종특별시
2026-06-15T11:05:08+09:00,ALPACA,422472,94.0,36.61116,127.28979,12,세종특별시
2026-06-15T11:05:08+09:00,ALPACA,422426,77.0,36.611164,127.29007,12,세종특별시
2026-06-15T11:05:08+09:00,ALPACA,422384,47.0,36.61117,127.29002,12,세종특별시
2026-06-15T11:05:08+09:00,ALPACA,422178,39.0,36.611176,127.28975,12,세종특별시
2026-06-15T11:05:08+09:00,ALPACA,422028,85.0,36.611187,127.29089,12,세종특별시
2026-06-15T11:05:08+09:00,ALPACA,422697,37.0,36.611225,127.28979,12,세종특별시
2026-06-15T11:05:08+09:00,ALPACA,422480,87.0,36.61125,127.28734,12,세종특별시
2026-06-15T11:05:08+09:00,ALPACA,412728,54.0,36.61128,127.28816,12,세종특별시
2026-06-15T11:05:08+09:00,ALPACA,421740,94.0,36.611286,127.29007,12,세종특별시
2026-06-15T11:05:08+09:00,ALPACA,422456,79.0,36.611317,127.28831,12,세종특별시
2026-06-15T11:05:08+09:00,ALPACA,422776,41.0,36.61132,127.288216,12,세종특별시
2026-06-15T11:05:08+09:00,ALPACA,422395,94.0,36.611336,127.28808,12,세종특별시
2026-06-15T11:05:08+09:00,ALPACA,421979,98.0,36.611347,127.288185,12,세종특별시
2026-06-15T11:05:08+09:00,ALPACA,422270,76.0,36.61135,127.288124,12,세종특별시
2026-06-15T11:05:08+09:00,ALPACA,421907,99.0,36.611355,127.28818,12,세종특별시
2026-06-15T11:05:08+09:00,ALPACA,422505,59.0,36.611355,127.288216,12,세종특별시
2026-06-15T11:05:08+09:00,ALPACA,422253,98.0,36.611366,127.28825,12,세종특별시
2026-06-15T11:05:08+09:00,ALPACA,421889,73.0,36.611374,127.28744,12,세종특별시
2026-06-15T11:05:08+09:00,ALPACA,422359,95.0,36.611374,127.28823,12,세종특별시
2026-06-15T11:05:08+09:00,ALPACA,422264,95.0,36.61138,127.28822,12,세종특별시
2026-06-15T11:05:08+09:00,ALPACA,422244,47.0,36.6114,127.28746,12,세종특별시
2026-06-15T11:05:08+09:00,ALPACA,422730,74.0,36.61144,127.287445,12,세종특별시
2026-06-15T11:05:08+09:00,ALPACA,422277,99.0,36.611454,127.28744,12,세종특별시
2026-06-15T11:05:08+09:00,ALPACA,422131,88.0,36.611458,127.28745,12,세종특별시
2026-06-15T11:05:08+09:00,ALPACA,422107,43.0,36.611633,127.287544,12,세종특별시
2026-06-15T11:05:08+09:00,ALPACA,422339,32.0,36.611954,127.2846,12,세종특별시
2026-06-15T11:05:08+09:00,ALPACA,422709,86.0,36.613125,127.29592,12,세종특별시
2026-06-15T11:05:08+09:00,ALPACA,422386,86.0,36.613197,127.29332,12,세종특별시
2026-06-15T11:05:08+09:00,ALPACA,422103,100.0,36.613853,127.31,12,세종특별시
2026-06-15T11:05:08+09:00,ALPACA,418558,100.0,36.613876,127.309975,12,세종특별시
2026-06-15T11:05:08+09:00,ALPACA,422168,73.0,36.61406,127.28906,12,세종특별시
2026-06-15T11:05:08+09:00,ALPACA,422371,62.0,36.61409,127.28907,12,세종특별시
2026-06-15T11:05:08+09:00,ALPACA,422335,100.0,36.614174,127.28884,12,세종특별시
2026-06-15T11:05:08+09:00,ALPACA,422367,100.0,36.614174,127.2888,12,세종특별시
2026-06-15T11:05:08+09:00,ALPACA,422207,95.0,36.61456,127.30835,12,세종특별시
2026-06-15T11:05:08+09:00,ALPACA,422242,77.0,36.614662,127.3059,12,세종특별시
2026-06-15T11:05:08+09:00,ALPACA,422603,100.0,36.614918,127.28499,12,세종특별시
2026-06-15T11:05:08+09:00,ALPACA,422358,75.0,36.615963,127.286064,12,세종특별시
2026-06-15T11:05:08+09:00,ALPACA,422086,76.0,36.61633,127.31405,12,세종특별시
2026-06-15T11:05:08+09:00,ALPACA,422185,100.0,36.618057,127.288795,12,세종특별시
2026-06-15T11:05:08+09:00,ALPACA,422296,87.0,36.6188,127.32029,12,세종특별시
2026-06-15T11:05:08+09:00,ALPACA,410365,76.0,36.618816,127.29082,12,세종특별시
2026-06-15T11:05:08+09:00,ALPACA,422176,100.0,36.61898,127.28855,12,세종특별시
2026-06-15T11:05:08+09:00,ALPACA,422243,75.0,36.619553,127.309944,12,세종특별시
2026-06-15T11:05:08+09:00,ALPACA,421998,82.0,36.620438,127.32027,12,세종특별시
2026-06-15T11:05:08+09:00,ALPACA,422039,70.0,36.620907,127.28249,12,세종특별시
2026-06-15T11:05:08+09:00,ALPACA,422705,93.0,36.62092,127.28246,12,세종특별시
2026-06-15T11:05:08+09:00,ALPACA,422357,82.0,36.621124,127.30795,12,세종특별시
2026-06-15T11:05:08+09:00,ALPACA,422333,97.0,36.62135,127.29062,12,세종특별시
2026-06-15T11:05:08+09:00,ALPACA,422509,68.0,36.621548,127.28891,12,세종특별시
2026-06-15T11:05:08+09:00,ALPACA,422469,73.0,36.6216,127.30235,12,세종특별시
2026-06-15T11:05:08+09:00,ALPACA,422309,92.0,36.621677,127.28371,12,세종특별시
2026-06-15T11:05:08+09:00,ALPACA,422329,97.0,36.621685,127.28388,12,세종특별시
2026-06-15T11:05:08+09:00,ALPACA,421908,99.0,36.62169,127.28588,12,세종특별시
2026-06-15T11:05:08+09:00,ALPACA,422141,69.0,36.621693,127.28588,12,세종특별시
2026-06-15T11:05:08+09:00,ALPACA,422299,79.0,36.621696,127.28384,12,세종특별시
2026-06-15T11:05:08+09:00,ALPACA,421186,85.0,36.62171,127.28384,12,세종특별시
2026-06-15T11:05:08+09:00,ALPACA,422568,98.0,36.621758,127.283844,12,세종특별시
2026-06-15T11:05:08+09:00,ALPACA,422148,81.0,36.62177,127.28556,12,세종특별시
2026-06-15T11:05:08+09:00,ALPACA,422251,41.0,36.62178,127.326614,12,세종특별시
2026-06-15T11:05:08+09:00,ALPACA,422580,99.0,36.621788,127.28554,12,세종특별시
2026-06-15T11:05:08+09:00,ALPACA,422702,52.0,36.621857,127.32653,12,세종특별시
2026-06-15T11:05:08+09:00,ALPACA,421945,47.0,36.621864,127.304695,12,세종특별시
2026-06-15T11:05:08+09:00,ALPACA,422304,97.0,36.623657,127.28743,12,세종특별시
2026-06-15T11:05:08+09:00,ALPACA,422211,82.0,36.623665,127.28685,12,세종특별시
2026-06-15T11:05:08+09:00,ALPACA,422212,66.0,36.623714,127.286835,12,세종특별시
2026-06-15T11:05:08+09:00,ALPACA,422507,87.0,36.62377,127.325096,12,세종특별시
2026-06-15T11:05:08+09:00,ALPACA,422403,97.0,36.62414,127.32578,12,세종특별시
2026-06-15T11:05:08+09:00,ALPACA,422440,86.0,36.626568,127.33195,12,세종특별시
2026-06-15T11:05:08+09:00,ALPACA,413919,54.0,36.62669,127.33202,12,세종특별시
2026-06-15T11:05:08+09:00,ALPACA,422412,58.0,36.62692,127.323326,12,세종특별시
2026-06-15T11:05:08+09:00,ALPACA,422372,92.0,36.627663,127.32866,12,세종특별시
2026-06-15T11:05:08+09:00,ALPACA,422622,61.0,36.627975,127.33185,12,세종특별시
2026-06-15T11:05:08+09:00,ALPACA,422382,81.0,36.628136,127.332634,12,세종특별시
2026-06-15T11:05:08+09:00,ALPACA,422194,72.0,36.629448,127.33293,12,세종특별시
2026-06-15T11:05:08+09:00,ALPACA,422575,98.0,36.63005,127.333046,12,세종특별시
2026-06-15T11:05:08+09:00,ALPACA,422121,98.0,36.63006,127.33041,12,세종특별시
2026-06-15T11:05:08+09:00,ALPACA,422297,97.0,36.630157,127.33284,12,세종특별시
2026-06-15T11:05:08+09:00,ALPACA,422528,47.0,36.63016,127.329994,12,세종특별시
2026-06-15T11:05:08+09:00,ALPACA,421994,100.0,36.630173,127.33289,12,세종특별시
2026-06-15T11:05:08+09:00,ALPACA,410342,97.0,36.630188,127.33287,12,세종특별시
2026-06-15T11:05:08+09:00,ALPACA,422188,59.0,36.630276,127.33359,12,세종특별시
2026-06-15T11:05:08+09:00,ALPACA,422486,55.0,36.630577,127.33085,12,세종특별시
2026-06-15T11:05:08+09:00,ALPACA,422408,57.0,36.630856,127.32952,12,세종특별시
2026-06-15T11:05:08+09:00,ALPACA,422278,70.0,36.630898,127.33079,12,세종특별시
2026-06-15T11:05:08+09:00,ALPACA,422316,94.0,36.631054,127.32807,12,세종특별시
2026-06-15T11:05:08+09:00,ALPACA,422427,48.0,36.631268,127.319305,12,세종특별시
2026-06-15T11:05:08+09:00,ALPACA,422126,93.0,36.6313,127.328636,12,세종특별시
2026-06-15T11:05:08+09:00,ALPACA,422431,57.0,36.63147,127.328804,12,세종특별시
2026-06-15T11:05:08+09:00,ALPACA,416273,77.0,36.631496,127.32945,12,세종특별시
2026-06-15T11:05:08+09:00,ALPACA,422032,63.0,36.631508,127.319214,12,세종특별시
2026-06-15T11:05:08+09:00,ALPACA,422161,86.0,36.631527,127.31919,12,세종특별시
2026-06-15T11:05:08+09:00,ALPACA,422049,84.0,36.63154,127.32607,12,세종특별시
2026-06-15T11:05:08+09:00,ALPACA,421772,91.0,36.6316,127.32905,12,세종특별시
2026-06-15T11:05:08+09:00,ALPACA,422552,100.0,36.631626,127.33032,12,세종특별시
2026-06-15T11:05:08+09:00,ALPACA,422691,75.0,36.63166,127.319824,12,세종특별시
2026-06-15T11:05:08+09:00,ALPACA,422164,89.0,36.631817,127.330444,12,세종특별시
2026-06-15T11:05:08+09:00,ALPACA,422365,78.0,36.632095,127.3274,12,세종특별시
2026-06-15T11:05:08+09:00,ALPACA,422534,63.0,36.63249,127.32635,12,세종특별시
2026-06-15T11:05:08+09:00,ALPACA,422402,87.0,36.632725,127.33509,12,세종특별시
2026-06-15T11:05:08+09:00,ALPACA,422558,98.0,36.63276,127.33506,12,세종특별시
2026-06-15T11:05:08+09:00,ALPACA,422334,72.0,36.632767,127.33112,12,세종특별시
2026-06-15T11:05:08+09:00,ALPACA,422375,70.0,36.632843,127.32338,12,세종특별시
2026-06-15T11:05:08+09:00,ALPACA,422034,71.0,36.632965,127.31423,12,세종특별시
2026-06-15T11:05:08+09:00,ALPACA,422625,100.0,36.633327,127.32107,12,세종특별시
2026-06-15T11:05:08+09:00,ALPACA,422536,100.0,36.633335,127.32108,12,세종특별시
2026-06-15T11:05:08+09:00,ALPACA,422604,100.0,36.633335,127.32109,12,세종특별시
2026-06-15T11:05:08+09:00,ALPACA,419034,97.0,36.633343,127.32108,12,세종특별시
2026-06-15T11:05:08+09:00,ALPACA,422535,95.0,36.633766,127.32904,12,세종특별시
2026-06-15T11:05:08+09:00,ALPACA,422498,77.0,36.635105,127.32707,12,세종특별시
2026-06-15T11:05:08+09:00,ALPACA,422389,95.0,36.635406,127.32625,12,세종특별시
2026-06-15T11:05:08+09:00,ALPACA,421739,76.0,36.635544,127.33448,12,세종특별시
2026-06-15T11:05:08+09:00,ALPACA,422538,43.0,36.63556,127.32583,12,세종특별시
2026-06-15T11:05:08+09:00,ALPACA,422142,81.0,36.63571,127.33876,12,세종특별시
2026-06-15T11:05:08+09:00,ALPACA,422256,63.0,36.635918,127.317535,12,세종특별시
2026-06-15T11:05:08+09:00,ALPACA,422122,61.0,36.63613,127.32849,12,세종특별시
2026-06-15T11:05:08+09:00,ALPACA,421718,100.0,36.63657,127.322876,12,세종특별시
2026-06-15T11:05:08+09:00,ALPACA,422629,100.0,36.636574,127.32278,12,세종특별시
2026-06-15T11:05:08+09:00,ALPACA,422189,63.0,36.636612,127.322685,12,세종특별시
2026-06-15T11:05:08+09:00,ALPACA,422574,72.0,36.63713,127.325294,12,세종특별시
2026-06-15T11:05:08+09:00,ALPACA,422259,90.0,36.63718,127.32534,12,세종특별시
2026-06-15T11:05:08+09:00,ALPACA,422102,100.0,36.637207,127.3253,12,세종특별시
2026-06-15T11:05:08+09:00,ALPACA,422101,88.0,36.63721,127.329155,12,세종특별시
2026-06-15T11:05:08+09:00,ALPACA,418277,70.0,36.637234,127.328835,12,세종특별시
2026-06-15T11:05:08+09:00,ALPACA,422381,75.0,36.63725,127.328835,12,세종특별시
2026-06-15T11:05:08+09:00,ALPACA,422213,44.0,36.637257,127.32913,12,세종특별시
2026-06-15T11:05:08+09:00,ALPACA,421950,66.0,36.637943,127.328064,12,세종특별시
2026-06-15T11:05:08+09:00,ALPACA,422352,58.0,36.638725,127.31696,12,세종특별시
2026-06-15T11:05:08+09:00,ALPACA,422355,73.0,36.638966,127.334236,12,세종특별시
2026-06-15T11:05:08+09:00,ALPACA,422692,89.0,36.63899,127.33424,12,세종특별시
2026-06-15T11:05:08+09:00,ALPACA,422172,98.0,36.639,127.33427,12,세종특별시
2026-06-15T11:05:08+09:00,ALPACA,416786,100.0,36.639015,127.33428,12,세종특별시
2026-06-15T11:05:08+09:00,ALPACA,422573,100.0,36.639023,127.33424,12,세종특별시
2026-06-15T11:05:08+09:00,ALPACA,422496,84.0,36.639687,127.346886,12,세종특별시
2026-06-15T11:05:08+09:00,ALPACA,422388,73.0,36.641624,127.33624,12,세종특별시
2026-06-15T11:05:08+09:00,ALPACA,422326,82.0,36.642715,127.34169,12,세종특별시
2026-06-15T11:05:08+09:00,ALPACA,419832,96.0,36.643394,127.341896,12,세종특별시
2026-06-15T11:05:08+09:00,ALPACA,422362,84.0,36.643646,127.336334,12,세종특별시
2026-06-15T11:05:08+09:00,ALPACA,422455,93.0,36.644646,127.332825,12,세종특별시
2026-06-15T11:05:08+09:00,GBIKE,131037,43.0,36.437581,127.220174,12,세종특별시
2026-06-15T11:05:08+09:00,GBIKE,346764,100.0,36.440763,127.224465,12,세종특별시
2026-06-15T11:05:08+09:00,GBIKE,130206,68.0,36.440959,127.251918,12,세종특별시
2026-06-15T11:05:08+09:00,GBIKE,130674,69.0,36.443051,127.209869,12,세종특별시
2026-06-15T11:05:08+09:00,GBIKE,353074,100.0,36.447178,127.36564,12,세종특별시
2026-06-15T11:05:08+09:00,GBIKE,374180,30.0,36.447548,127.228638,12,세종특별시
2026-06-15T11:05:08+09:00,GBIKE,372222,85.0,36.451356,127.363478,12,세종특별시
2026-06-15T11:05:08+09:00,GBIKE,373279,72.0,36.451385,127.363731,12,세종특별시
2026-06-15T11:05:08+09:00,GBIKE,621255,59.0,36.451472,127.362621,12,세종특별시
2026-06-15T11:05:08+09:00,GBIKE,302403,83.0,36.451492,127.363731,12,세종특별시
2026-06-15T11:05:08+09:00,GBIKE,308243,63.0,36.451894,127.364033,12,세종특별시
2026-06-15T11:05:08+09:00,GBIKE,365258,35.0,36.451955,127.36238,12,세종특별시
2026-06-15T11:05:08+09:00,GBIKE,345118,64.0,36.452218,127.363803,12,세종특별시
2026-06-15T11:05:08+09:00,GBIKE,377379,30.0,36.453726,127.365486,12,세종특별시
2026-06-15T11:05:08+09:00,GBIKE,604668,34.0,36.453955,127.363456,12,세종특별시
2026-06-15T11:05:08+09:00,GBIKE,624269,51.0,36.454269,127.366811,12,세종특별시
2026-06-15T11:05:08+09:00,GBIKE,302018,56.0,36.454319,127.363726,12,세종특별시
2026-06-15T11:05:08+09:00,GBIKE,386937,36.0,36.45439,127.364053,12,세종특별시
2026-06-15T11:05:08+09:00,GBIKE,130726,54.0,36.454399,127.284022,12,세종특별시
2026-06-15T11:05:08+09:00,GBIKE,395865,55.0,36.45444,127.363745,12,세종특별시
2026-06-15T11:05:08+09:00,GBIKE,338805,65.0,36.454861,127.363988,12,세종특별시
2026-06-15T11:05:08+09:00,GBIKE,306339,73.0,36.454917,127.364158,12,세종특별시
2026-06-15T11:05:08+09:00,GBIKE,378795,77.0,36.455416,127.364158,12,세종특별시
2026-06-15T11:05:08+09:00,GBIKE,395213,64.0,36.456796,127.36045,12,세종특별시
2026-06-15T11:05:08+09:00,GBIKE,131067,42.0,36.459633,127.211813,12,세종특별시
2026-06-15T11:05:08+09:00,GBIKE,130967,77.0,36.463374,127.280681,12,세종특별시
2026-06-15T11:05:08+09:00,GBIKE,300588,74.0,36.463659,127.359857,12,세종특별시
2026-06-15T11:05:08+09:00,GBIKE,631883,68.0,36.467741,127.264109,12,세종특별시
2026-06-15T11:05:08+09:00,GBIKE,501276,75.0,36.468186,127.280865,12,세종특별시
2026-06-15T11:05:08+09:00,GBIKE,501113,30.0,36.468538,127.281152,12,세종특별시
2026-06-15T11:05:08+09:00,GBIKE,395909,30.0,36.468641,127.271155,12,세종특별시
2026-06-15T11:05:08+09:00,GBIKE,130860,80.0,36.468902,127.274149,12,세종특별시
2026-06-15T11:05:08+09:00,GBIKE,130541,65.0,36.468961,127.274304,12,세종특별시
2026-06-15T11:05:08+09:00,GBIKE,501495,30.0,36.469028,127.273093,12,세종특별시
2026-06-15T11:05:08+09:00,GBIKE,501298,42.0,36.469218,127.280617,12,세종특별시
2026-06-15T11:05:08+09:00,GBIKE,130637,30.0,36.46923,127.280572,12,세종특별시
2026-06-15T11:05:08+09:00,GBIKE,501538,56.0,36.469249,127.275081,12,세종특별시
2026-06-15T11:05:08+09:00,GBIKE,501339,93.0,36.469365,127.280993,12,세종특별시
2026-06-15T11:05:08+09:00,GBIKE,131547,83.0,36.470038,127.287621,12,세종특별시
2026-06-15T11:05:08+09:00,GBIKE,130175,30.0,36.470064,127.27773,12,세종특별시
2026-06-15T11:05:08+09:00,GBIKE,131754,35.0,36.470692,127.273297,12,세종특별시
2026-06-15T11:05:08+09:00,GBIKE,501148,43.0,36.470741,127.279893,12,세종특별시
2026-06-15T11:05:08+09:00,GBIKE,131357,91.0,36.470952,127.273275,12,세종특별시
2026-06-15T11:05:08+09:00,GBIKE,130956,82.0,36.470955,127.273251,12,세종특별시
2026-06-15T11:05:08+09:00,GBIKE,130105,49.0,36.47096,127.273248,12,세종특별시
2026-06-15T11:05:08+09:00,GBIKE,131891,73.0,36.470971,127.273287,12,세종특별시
2026-06-15T11:05:08+09:00,GBIKE,130163,48.0,36.470988,127.27327,12,세종특별시
2026-06-15T11:05:08+09:00,GBIKE,501375,61.0,36.471068,127.251809,12,세종특별시
2026-06-15T11:05:08+09:00,GBIKE,131544,51.0,36.471099,127.252129,12,세종특별시
2026-06-15T11:05:08+09:00,GBIKE,131942,44.0,36.471394,127.285832,12,세종특별시
2026-06-15T11:05:08+09:00,GBIKE,130177,54.0,36.471496,127.274794,12,세종특별시
2026-06-15T11:05:08+09:00,GBIKE,130600,30.0,36.47171,127.252491,12,세종특별시
2026-06-15T11:05:08+09:00,GBIKE,130488,98.0,36.471903,127.253113,12,세종특별시
2026-06-15T11:05:08+09:00,GBIKE,130695,100.0,36.471957,127.253127,12,세종특별시
2026-06-15T11:05:08+09:00,GBIKE,131953,98.0,36.47196,127.253182,12,세종특별시
2026-06-15T11:05:08+09:00,GBIKE,131559,100.0,36.472021,127.252867,12,세종특별시
2026-06-15T11:05:08+09:00,GBIKE,131917,37.0,36.472275,127.279264,12,세종특별시
2026-06-15T11:05:08+09:00,GBIKE,130861,31.0,36.472318,127.278887,12,세종특별시
2026-06-15T11:05:08+09:00,GBIKE,501207,34.0,36.472336,127.285173,12,세종특별시
2026-06-15T11:05:08+09:00,GBIKE,131994,44.0,36.472421,127.256511,12,세종특별시
2026-06-15T11:05:08+09:00,GBIKE,501289,94.0,36.472495,127.276564,12,세종특별시
2026-06-15T11:05:08+09:00,GBIKE,130127,33.0,36.472752,127.278234,12,세종특별시
2026-06-15T11:05:08+09:00,GBIKE,130137,35.0,36.472997,127.283887,12,세종특별시
2026-06-15T11:05:08+09:00,GBIKE,130091,96.0,36.473001,127.253647,12,세종특별시
2026-06-15T11:05:08+09:00,GBIKE,131660,48.0,36.47344,127.25077,12,세종특별시
2026-06-15T11:05:08+09:00,GBIKE,501315,31.0,36.473458,127.278668,12,세종특별시
2026-06-15T11:05:08+09:00,GBIKE,130103,97.0,36.473558,127.250032,12,세종특별시
2026-06-15T11:05:08+09:00,GBIKE,130819,92.0,36.473613,127.284994,12,세종특별시
2026-06-15T11:05:08+09:00,GBIKE,130601,36.0,36.473818,127.250232,12,세종특별시
2026-06-15T11:05:08+09:00,GBIKE,131747,46.0,36.473971,127.298112,12,세종특별시
2026-06-15T11:05:08+09:00,GBIKE,501517,39.0,36.474068,127.277004,12,세종특별시
2026-06-15T11:05:08+09:00,GBIKE,131002,76.0,36.474135,127.273459,12,세종특별시
2026-06-15T11:05:08+09:00,GBIKE,130904,97.0,36.474513,127.255441,12,세종특별시
2026-06-15T11:05:08+09:00,GBIKE,131504,38.0,36.474575,127.255371,12,세종특별시
2026-06-15T11:05:08+09:00,GBIKE,130714,33.0,36.474667,127.254185,12,세종특별시
2026-06-15T11:05:08+09:00,GBIKE,501270,30.0,36.474682,127.294289,12,세종특별시
2026-06-15T11:05:08+09:00,GBIKE,130212,47.0,36.474699,127.255563,12,세종특별시
2026-06-15T11:05:08+09:00,GBIKE,131211,41.0,36.474715,127.284832,12,세종특별시
2026-06-15T11:05:08+09:00,GBIKE,501414,35.0,36.47473,127.275795,12,세종특별시
2026-06-15T11:05:08+09:00,GBIKE,130652,31.0,36.47473,127.2548,12,세종특별시
2026-06-15T11:05:08+09:00,GBIKE,501217,46.0,36.474817,127.255699,12,세종특별시
2026-06-15T11:05:08+09:00,GBIKE,130836,30.0,36.474821,127.254732,12,세종특별시
2026-06-15T11:05:08+09:00,GBIKE,130210,35.0,36.474828,127.255798,12,세종특별시
2026-06-15T11:05:08+09:00,GBIKE,130853,78.0,36.474856,127.290924,12,세종특별시
2026-06-15T11:05:08+09:00,GBIKE,131593,84.0,36.474916,127.290904,12,세종특별시
2026-06-15T11:05:08+09:00,GBIKE,501206,85.0,36.475085,127.285162,12,세종특별시
2026-06-15T11:05:08+09:00,GBIKE,131469,34.0,36.47512,127.255262,12,세종특별시
2026-06-15T11:05:08+09:00,GBIKE,130566,35.0,36.47514,127.248194,12,세종특별시
2026-06-15T11:05:08+09:00,GBIKE,131936,31.0,36.475321,127.2481,12,세종특별시
2026-06-15T11:05:08+09:00,GBIKE,131719,36.0,36.475405,127.252628,12,세종특별시
2026-06-15T11:05:08+09:00,GBIKE,130519,50.0,36.475443,127.25242,12,세종특별시
2026-06-15T11:05:08+09:00,GBIKE,130405,97.0,36.475516,127.252379,12,세종특별시
2026-06-15T11:05:08+09:00,GBIKE,131257,30.0,36.47553,127.251759,12,세종특별시
2026-06-15T11:05:08+09:00,GBIKE,501591,62.0,36.475593,127.28133,12,세종특별시
2026-06-15T11:05:08+09:00,GBIKE,131327,66.0,36.475612,127.252079,12,세종특별시
2026-06-15T11:05:08+09:00,GBIKE,130153,44.0,36.475655,127.252269,12,세종특별시
2026-06-15T11:05:08+09:00,GBIKE,501527,99.0,36.475663,127.252028,12,세종특별시
2026-06-15T11:05:08+09:00,GBIKE,130121,30.0,36.475696,127.253007,12,세종특별시
2026-06-15T11:05:08+09:00,GBIKE,131612,45.0,36.475797,127.252262,12,세종특별시
2026-06-15T11:05:08+09:00,GBIKE,501246,61.0,36.475819,127.276438,12,세종특별시
2026-06-15T11:05:08+09:00,GBIKE,130660,30.0,36.475886,127.254314,12,세종특별시
2026-06-15T11:05:08+09:00,GBIKE,501552,31.0,36.475892,127.279904,12,세종특별시
2026-06-15T11:05:08+09:00,GBIKE,501491,43.0,36.475987,127.280076,12,세종특별시
2026-06-15T11:05:08+09:00,GBIKE,130876,82.0,36.476043,127.288043,12,세종특별시
2026-06-15T11:05:08+09:00,GBIKE,130569,66.0,36.476123,127.247714,12,세종특별시
2026-06-15T11:05:08+09:00,GBIKE,131672,71.0,36.476176,127.251692,12,세종특별시
2026-06-15T11:05:08+09:00,GBIKE,131548,100.0,36.476292,127.271747,12,세종특별시
2026-06-15T11:05:08+09:00,GBIKE,131059,30.0,36.476396,127.247892,12,세종특별시
2026-06-15T11:05:08+09:00,GBIKE,131376,67.0,36.476409,127.253871,12,세종특별시
2026-06-15T11:05:08+09:00,GBIKE,131089,100.0,36.47642,127.259023,12,세종특별시
2026-06-15T11:05:08+09:00,GBIKE,131233,94.0,36.476423,127.257845,12,세종특별시
2026-06-15T11:05:08+09:00,GBIKE,130782,64.0,36.476434,127.258994,12,세종특별시
2026-06-15T11:05:08+09:00,GBIKE,131035,32.0,36.476459,127.253902,12,세종특별시
2026-06-15T11:05:08+09:00,GBIKE,130481,63.0,36.476494,127.283,12,세종특별시
2026-06-15T11:05:08+09:00,GBIKE,130045,55.0,36.476515,127.288473,12,세종특별시
2026-06-15T11:05:08+09:00,GBIKE,130584,55.0,36.476549,127.288608,12,세종특별시
2026-06-15T11:05:08+09:00,GBIKE,501409,78.0,36.47656,127.28331,12,세종특별시
2026-06-15T11:05:08+09:00,GBIKE,130517,69.0,36.476578,127.247924,12,세종특별시
2026-06-15T11:05:08+09:00,GBIKE,130166,88.0,36.476591,127.247899,12,세종특별시
2026-06-15T11:05:08+09:00,GBIKE,501450,30.0,36.47664,127.280541,12,세종특별시
2026-06-15T11:05:08+09:00,GBIKE,501127,35.0,36.476681,127.284589,12,세종특별시
2026-06-15T11:05:08+09:00,GBIKE,131558,35.0,36.476705,127.296728,12,세종특별시
2026-06-15T11:05:08+09:00,GBIKE,131702,100.0,36.476712,127.250944,12,세종특별시
2026-06-15T11:05:08+09:00,GBIKE,130691,67.0,36.476745,127.283332,12,세종특별시
2026-06-15T11:05:08+09:00,GBIKE,131868,100.0,36.476772,127.250792,12,세종특별시
2026-06-15T11:05:08+09:00,GBIKE,130160,63.0,36.47681,127.250872,12,세종특별시
2026-06-15T11:05:08+09:00,GBIKE,130843,34.0,36.476817,127.250787,12,세종특별시
2026-06-15T11:05:08+09:00,GBIKE,130052,84.0,36.476878,127.295753,12,세종특별시
2026-06-15T11:05:08+09:00,GBIKE,131817,48.0,36.476883,127.250755,12,세종특별시
2026-06-15T11:05:08+09:00,GBIKE,130845,49.0,36.476903,127.250853,12,세종특별시
2026-06-15T11:05:08+09:00,GBIKE,131214,45.0,36.476939,127.250026,12,세종특별시
2026-06-15T11:05:08+09:00,GBIKE,501154,63.0,36.477013,127.257734,12,세종특별시
2026-06-15T11:05:08+09:00,GBIKE,501195,72.0,36.477191,127.248493,12,세종특별시
2026-06-15T11:05:08+09:00,GBIKE,131049,39.0,36.477326,127.259299,12,세종특별시
2026-06-15T11:05:08+09:00,GBIKE,130445,32.0,36.477331,127.24867,12,세종특별시
2026-06-15T11:05:08+09:00,GBIKE,131703,37.0,36.477337,127.254127,12,세종특별시
2026-06-15T11:05:08+09:00,GBIKE,501387,30.0,36.477338,127.250906,12,세종특별시
2026-06-15T11:05:08+09:00,GBIKE,130556,33.0,36.47741,127.250577,12,세종특별시
2026-06-15T11:05:08+09:00,GBIKE,130842,60.0,36.477464,127.283221,12,세종특별시
2026-06-15T11:05:08+09:00,GBIKE,501532,42.0,36.477505,127.253877,12,세종특별시
2026-06-15T11:05:08+09:00,GBIKE,131127,75.0,36.477523,127.254324,12,세종특별시
2026-06-15T11:05:08+09:00,GBIKE,130356,46.0,36.477545,127.254158,12,세종특별시
2026-06-15T11:05:08+09:00,GBIKE,130924,48.0,36.477549,127.298076,12,세종특별시
2026-06-15T11:05:08+09:00,GBIKE,501468,89.0,36.477573,127.285953,12,세종특별시
2026-06-15T11:05:08+09:00,GBIKE,131602,100.0,36.477589,127.298115,12,세종특별시
2026-06-15T11:05:08+09:00,GBIKE,131997,31.0,36.477605,127.254012,12,세종특별시
2026-06-15T11:05:08+09:00,GBIKE,131249,31.0,36.477646,127.295476,12,세종특별시
2026-06-15T11:05:08+09:00,GBIKE,130434,77.0,36.477669,127.282872,12,세종특별시
2026-06-15T11:05:08+09:00,GBIKE,131057,59.0,36.47769,127.25537,12,세종특별시
2026-06-15T11:05:08+09:00,GBIKE,130815,100.0,36.477691,127.25359,12,세종특별시
2026-06-15T11:05:08+09:00,GBIKE,130990,31.0,36.477722,127.290349,12,세종특별시
2026-06-15T11:05:08+09:00,GBIKE,130463,63.0,36.477757,127.282545,12,세종특별시
2026-06-15T11:05:08+09:00,GBIKE,130296,88.0,36.477777,127.28271,12,세종특별시
2026-06-15T11:05:08+09:00,GBIKE,131204,95.0,36.477777,127.282648,12,세종특별시
2026-06-15T11:05:08+09:00,GBIKE,130925,82.0,36.47779,127.282628,12,세종특별시
2026-06-15T11:05:08+09:00,GBIKE,131396,61.0,36.477819,127.282581,12,세종특별시
2026-06-15T11:05:08+09:00,GBIKE,501282,93.0,36.477825,127.283111,12,세종특별시
2026-06-15T11:05:08+09:00,GBIKE,131276,94.0,36.477849,127.283186,12,세종특별시
2026-06-15T11:05:08+09:00,GBIKE,130360,30.0,36.477991,127.287752,12,세종특별시
2026-06-15T11:05:08+09:00,GBIKE,130544,94.0,36.478025,127.252046,12,세종특별시
2026-06-15T11:05:08+09:00,GBIKE,130173,86.0,36.47803,127.299383,12,세종특별시
2026-06-15T11:05:08+09:00,GBIKE,131395,35.0,36.478038,127.299328,12,세종특별시
2026-06-15T11:05:08+09:00,GBIKE,131029,89.0,36.47804,127.287855,12,세종특별시
2026-06-15T11:05:08+09:00,GBIKE,130279,42.0,36.478047,127.28804,12,세종특별시
2026-06-15T11:05:08+09:00,GBIKE,131521,95.0,36.478056,127.299373,12,세종특별시
2026-06-15T11:05:08+09:00,GBIKE,501284,30.0,36.478057,127.264327,12,세종특별시
2026-06-15T11:05:08+09:00,GBIKE,130887,99.0,36.478084,127.24945,12,세종특별시
2026-06-15T11:05:08+09:00,GBIKE,130075,51.0,36.478165,127.299061,12,세종특별시
2026-06-15T11:05:08+09:00,GBIKE,131805,30.0,36.478171,127.288272,12,세종특별시
2026-06-15T11:05:08+09:00,GBIKE,131800,51.0,36.478172,127.288233,12,세종특별시
2026-06-15T11:05:08+09:00,GBIKE,501600,30.0,36.478211,127.299102,12,세종특별시
2026-06-15T11:05:08+09:00,GBIKE,130043,38.0,36.478221,127.288237,12,세종특별시
2026-06-15T11:05:08+09:00,GBIKE,130952,50.0,36.478221,127.299958,12,세종특별시
2026-06-15T11:05:08+09:00,GBIKE,131168,37.0,36.478222,127.287458,12,세종특별시
2026-06-15T11:05:08+09:00,GBIKE,501348,82.0,36.478283,127.261049,12,세종특별시
2026-06-15T11:05:08+09:00,GBIKE,501159,100.0,36.478324,127.287592,12,세종특별시
2026-06-15T11:05:08+09:00,GBIKE,130830,100.0,36.478331,127.287663,12,세종특별시
2026-06-15T11:05:08+09:00,GBIKE,131415,87.0,36.478336,127.287057,12,세종특별시
2026-06-15T11:05:08+09:00,GBIKE,501170,100.0,36.478395,127.262019,12,세종특별시
2026-06-15T11:05:08+09:00,GBIKE,131407,100.0,36.478402,127.287776,12,세종특별시
2026-06-15T11:05:08+09:00,GBIKE,501388,61.0,36.478408,127.293633,12,세종특별시
2026-06-15T11:05:08+09:00,GBIKE,501561,94.0,36.478423,127.300554,12,세종특별시
2026-06-15T11:05:08+09:00,GBIKE,131022,100.0,36.478427,127.300563,12,세종특별시
2026-06-15T11:05:08+09:00,GBIKE,131275,30.0,36.478434,127.255517,12,세종특별시
2026-06-15T11:05:08+09:00,GBIKE,130331,81.0,36.478435,127.300519,12,세종특별시
2026-06-15T11:05:08+09:00,GBIKE,130568,100.0,36.478442,127.300518,12,세종특별시
2026-06-15T11:05:08+09:00,GBIKE,131280,92.0,36.478443,127.300555,12,세종특별시
2026-06-15T11:05:08+09:00,GBIKE,130616,97.0,36.478482,127.255547,12,세종특별시
2026-06-15T11:05:08+09:00,GBIKE,130916,100.0,36.478498,127.287727,12,세종특별시
2026-06-15T11:05:08+09:00,GBIKE,501151,76.0,36.478513,127.261525,12,세종특별시
2026-06-15T11:05:08+09:00,GBIKE,130977,91.0,36.478539,127.255455,12,세종특별시
2026-06-15T11:05:08+09:00,GBIKE,501390,100.0,36.478588,127.289289,12,세종특별시
2026-06-15T11:05:08+09:00,GBIKE,501121,79.0,36.478601,127.28913,12,세종특별시
2026-06-15T11:05:08+09:00,GBIKE,131208,100.0,36.478603,127.288314,12,세종특별시
2026-06-15T11:05:08+09:00,GBIKE,131362,68.0,36.478629,127.288341,12,세종특별시
2026-06-15T11:05:08+09:00,GBIKE,131712,92.0,36.478629,127.288271,12,세종특별시
2026-06-15T11:05:08+09:00,GBIKE,130644,83.0,36.478634,127.288309,12,세종특별시
2026-06-15T11:05:08+09:00,GBIKE,130680,83.0,36.478637,127.288309,12,세종특별시
2026-06-15T11:05:08+09:00,GBIKE,131157,84.0,36.478646,127.288338,12,세종특별시
2026-06-15T11:05:08+09:00,GBIKE,501357,97.0,36.47865,127.289345,12,세종특별시
2026-06-15T11:05:08+09:00,GBIKE,501299,68.0,36.478656,127.28863,12,세종특별시
2026-06-15T11:05:08+09:00,GBIKE,130119,34.0,36.478657,127.289267,12,세종특별시
2026-06-15T11:05:08+09:00,GBIKE,131682,37.0,36.478665,127.255634,12,세종특별시
2026-06-15T11:05:08+09:00,GBIKE,131713,61.0,36.478673,127.255615,12,세종특별시
2026-06-15T11:05:08+09:00,GBIKE,130143,32.0,36.478685,127.255591,12,세종특별시
2026-06-15T11:05:08+09:00,GBIKE,131284,34.0,36.478704,127.261912,12,세종특별시
2026-06-15T11:05:08+09:00,GBIKE,130646,100.0,36.478708,127.288288,12,세종특별시
2026-06-15T11:05:08+09:00,GBIKE,131898,68.0,36.478714,127.288656,12,세종특별시
2026-06-15T11:05:08+09:00,GBIKE,131453,72.0,36.478721,127.255657,12,세종특별시
2026-06-15T11:05:08+09:00,GBIKE,131990,53.0,36.47873,127.288655,12,세종특별시
2026-06-15T11:05:08+09:00,GBIKE,130374,65.0,36.478771,127.255626,12,세종특별시
2026-06-15T11:05:08+09:00,GBIKE,131393,34.0,36.478802,127.251037,12,세종특별시
2026-06-15T11:05:08+09:00,GBIKE,131841,86.0,36.478806,127.255329,12,세종특별시
2026-06-15T11:05:08+09:00,GBIKE,501112,53.0,36.478847,127.29928,12,세종특별시
2026-06-15T11:05:08+09:00,GBIKE,130567,53.0,36.478853,127.25104,12,세종특별시
2026-06-15T11:05:08+09:00,GBIKE,131042,31.0,36.478884,127.261713,12,세종특별시
2026-06-15T11:05:08+09:00,GBIKE,501319,93.0,36.47889,127.284572,12,세종특별시
2026-06-15T11:05:08+09:00,GBIKE,130201,79.0,36.478891,127.251036,12,세종특별시
2026-06-15T11:05:08+09:00,GBIKE,130272,51.0,36.478894,127.301192,12,세종특별시
2026-06-15T11:05:08+09:00,GBIKE,131231,69.0,36.478919,127.29031,12,세종특별시
2026-06-15T11:05:08+09:00,GBIKE,130670,100.0,36.478927,127.284519,12,세종특별시
2026-06-15T11:05:08+09:00,GBIKE,131956,30.0,36.47895,127.290343,12,세종특별시
2026-06-15T11:05:08+09:00,GBIKE,131411,51.0,36.47897,127.25549,12,세종특별시
2026-06-15T11:05:08+09:00,GBIKE,130897,47.0,36.478975,127.290231,12,세종특별시
2026-06-15T11:05:08+09:00,GBIKE,131652,86.0,36.479002,127.290218,12,세종특별시
2026-06-15T11:05:08+09:00,GBIKE,131514,95.0,36.479047,127.299908,12,세종특별시
2026-06-15T11:05:08+09:00,GBIKE,130293,53.0,36.479051,127.262238,12,세종특별시
2026-06-15T11:05:08+09:00,GBIKE,130863,38.0,36.479059,127.290098,12,세종특별시
2026-06-15T11:05:08+09:00,GBIKE,130264,100.0,36.479061,127.262322,12,세종특별시
2026-06-15T11:05:08+09:00,GBIKE,131346,94.0,36.479086,127.29014,12,세종특별시
2026-06-15T11:05:08+09:00,GBIKE,130957,32.0,36.479199,127.254698,12,세종특별시
2026-06-15T11:05:08+09:00,GBIKE,130271,95.0,36.479202,127.254849,12,세종특별시
2026-06-15T11:05:08+09:00,GBIKE,501380,71.0,36.479262,127.285399,12,세종특별시
2026-06-15T11:05:08+09:00,GBIKE,131870,51.0,36.479263,127.251631,12,세종특별시
2026-06-15T11:05:08+09:00,GBIKE,131619,76.0,36.479271,127.261965,12,세종특별시
2026-06-15T11:05:08+09:00,GBIKE,130441,35.0,36.479286,127.254696,12,세종특별시
2026-06-15T11:05:08+09:00,GBIKE,501236,100.0,36.479338,127.250032,12,세종특별시
2026-06-15T11:05:08+09:00,GBIKE,130259,30.0,36.479342,127.25254,12,세종특별시
2026-06-15T11:05:08+09:00,GBIKE,130402,98.0,36.479357,127.252694,12,세종특별시
2026-06-15T11:05:08+09:00,GBIKE,130468,60.0,36.479391,127.261944,12,세종특별시
2026-06-15T11:05:08+09:00,GBIKE,130548,95.0,36.479393,127.254859,12,세종특별시
2026-06-15T11:05:08+09:00,GBIKE,501513,38.0,36.479401,127.285542,12,세종특별시
2026-06-15T11:05:08+09:00,GBIKE,501506,96.0,36.479404,127.250257,12,세종특별시
2026-06-15T11:05:08+09:00,GBIKE,131373,31.0,36.479404,127.255104,12,세종특별시
2026-06-15T11:05:08+09:00,GBIKE,130269,30.0,36.479429,127.262784,12,세종특별시
2026-06-15T11:05:08+09:00,GBIKE,130886,70.0,36.47943,127.25506,12,세종특별시
2026-06-15T11:05:08+09:00,GBIKE,501407,64.0,36.479458,127.290166,12,세종특별시
2026-06-15T11:05:08+09:00,GBIKE,130617,100.0,36.479481,127.290381,12,세종특별시
2026-06-15T11:05:08+09:00,GBIKE,131820,32.0,36.479495,127.254717,12,세종특별시
2026-06-15T11:05:08+09:00,GBIKE,131742,58.0,36.479499,127.255135,12,세종특별시
2026-06-15T11:05:08+09:00,GBIKE,130720,47.0,36.479519,127.285897,12,세종특별시
2026-06-15T11:05:08+09:00,GBIKE,130755,51.0,36.479524,127.261992,12,세종특별시
2026-06-15T11:05:08+09:00,GBIKE,130072,77.0,36.479529,127.263203,12,세종특별시
2026-06-15T11:05:08+09:00,GBIKE,131332,87.0,36.479533,127.254764,12,세종특별시
2026-06-15T11:05:08+09:00,GBIKE,131149,33.0,36.479555,127.254704,12,세종특별시
2026-06-15T11:05:08+09:00,GBIKE,131207,57.0,36.479557,127.255119,12,세종특별시
2026-06-15T11:05:08+09:00,GBIKE,130287,75.0,36.479564,127.254791,12,세종특별시
2026-06-15T11:05:08+09:00,GBIKE,131454,81.0,36.479575,127.286559,12,세종특별시
2026-06-15T11:05:08+09:00,GBIKE,130451,77.0,36.479592,127.286593,12,세종특별시
2026-06-15T11:05:08+09:00,GBIKE,501172,46.0,36.479609,127.264176,12,세종특별시
2026-06-15T11:05:08+09:00,GBIKE,131726,30.0,36.479611,127.255094,12,세종특별시
2026-06-15T11:05:08+09:00,GBIKE,131398,40.0,36.479621,127.261728,12,세종특별시
2026-06-15T11:05:08+09:00,GBIKE,130529,93.0,36.479641,127.2549,12,세종특별시
2026-06-15T11:05:08+09:00,GBIKE,131217,40.0,36.479647,127.264233,12,세종특별시
2026-06-15T11:05:08+09:00,GBIKE,130643,39.0,36.479648,127.261237,12,세종특별시
2026-06-15T11:05:08+09:00,GBIKE,130023,98.0,36.479652,127.255058,12,세종특별시
2026-06-15T11:05:08+09:00,GBIKE,501469,85.0,36.479653,127.288421,12,세종특별시
2026-06-15T11:05:08+09:00,GBIKE,130902,34.0,36.479677,127.285519,12,세종특별시
2026-06-15T11:05:08+09:00,GBIKE,130122,33.0,36.479682,127.254834,12,세종특별시
2026-06-15T11:05:08+09:00,GBIKE,130482,86.0,36.479695,127.254619,12,세종특별시
2026-06-15T11:05:08+09:00,GBIKE,130621,100.0,36.479708,127.252394,12,세종특별시
2026-06-15T11:05:08+09:00,GBIKE,130789,93.0,36.479712,127.254588,12,세종특별시
2026-06-15T11:05:08+09:00,GBIKE,501303,60.0,36.479723,127.286529,12,세종특별시
2026-06-15T11:05:08+09:00,GBIKE,501410,80.0,36.47974,127.288625,12,세종특별시
2026-06-15T11:05:08+09:00,GBIKE,131937,45.0,36.479744,127.286473,12,세종특별시
2026-06-15T11:05:08+09:00,GBIKE,501482,81.0,36.479775,127.294421,12,세종특별시
2026-06-15T11:05:08+09:00,GBIKE,131598,53.0,36.479859,127.254461,12,세종특별시
2026-06-15T11:05:08+09:00,GBIKE,131957,88.0,36.479863,127.254545,12,세종특별시
2026-06-15T11:05:08+09:00,GBIKE,130396,35.0,36.479877,127.254522,12,세종특별시
2026-06-15T11:05:08+09:00,GBIKE,130411,72.0,36.479878,127.254497,12,세종특별시
2026-06-15T11:05:08+09:00,GBIKE,131973,51.0,36.479893,127.26139,12,세종특별시
2026-06-15T11:05:08+09:00,GBIKE,130083,96.0,36.479914,127.252411,12,세종특별시
2026-06-15T11:05:08+09:00,GBIKE,130426,89.0,36.479948,127.286977,12,세종특별시
2026-06-15T11:05:08+09:00,GBIKE,130940,36.0,36.479959,127.252401,12,세종특별시
2026-06-15T11:05:08+09:00,GBIKE,130965,99.0,36.479995,127.254466,12,세종특별시
2026-06-15T11:05:08+09:00,GBIKE,131378,54.0,36.480018,127.261671,12,세종특별시
2026-06-15T11:05:08+09:00,GBIKE,131140,98.0,36.480023,127.252352,12,세종특별시
2026-06-15T11:05:08+09:00,GBIKE,130352,77.0,36.480066,127.286624,12,세종특별시
2026-06-15T11:05:08+09:00,GBIKE,131899,81.0,36.480081,127.246683,12,세종특별시
2026-06-15T11:05:08+09:00,GBIKE,130399,56.0,36.480095,127.286705,12,세종특별시
2026-06-15T11:05:08+09:00,GBIKE,501371,59.0,36.480112,127.254489,12,세종특별시
2026-06-15T11:05:08+09:00,GBIKE,131583,72.0,36.480113,127.286759,12,세종특별시
2026-06-15T11:05:08+09:00,GBIKE,501208,63.0,36.480121,127.252051,12,세종특별시
2026-06-15T11:05:08+09:00,GBIKE,131148,33.0,36.480124,127.260588,12,세종특별시
2026-06-15T11:05:08+09:00,GBIKE,130472,43.0,36.480124,127.264324,12,세종특별시
2026-06-15T11:05:08+09:00,GBIKE,130507,91.0,36.480124,127.286691,12,세종특별시
2026-06-15T11:05:08+09:00,GBIKE,130590,30.0,36.480138,127.253069,12,세종특별시
2026-06-15T11:05:08+09:00,GBIKE,131993,35.0,36.480139,127.299959,12,세종특별시
2026-06-15T11:05:08+09:00,GBIKE,501285,64.0,36.480146,127.264303,12,세종특별시
2026-06-15T11:05:08+09:00,GBIKE,501320,96.0,36.480169,127.253129,12,세종특별시
2026-06-15T11:05:08+09:00,GBIKE,131171,100.0,36.480183,127.253116,12,세종특별시
2026-06-15T11:05:08+09:00,GBIKE,130920,69.0,36.480188,127.292832,12,세종특별시
2026-06-15T11:05:08+09:00,GBIKE,131305,51.0,36.480215,127.253172,12,세종특별시
2026-06-15T11:05:08+09:00,GBIKE,130799,88.0,36.480221,127.252305,12,세종특별시
2026-06-15T11:05:08+09:00,GBIKE,130953,47.0,36.48024,127.252279,12,세종특별시
2026-06-15T11:05:08+09:00,GBIKE,131043,64.0,36.480248,127.246353,12,세종특별시
2026-06-15T11:05:08+09:00,GBIKE,501317,89.0,36.480249,127.262175,12,세종특별시
2026-06-15T11:05:08+09:00,GBIKE,131889,53.0,36.480259,127.286654,12,세종특별시
2026-06-15T11:05:08+09:00,GBIKE,131038,66.0,36.480276,127.246371,12,세종특별시
2026-06-15T11:05:08+09:00,GBIKE,501332,53.0,36.480289,127.251709,12,세종특별시
2026-06-15T11:05:08+09:00,GBIKE,501381,73.0,36.480297,127.29371,12,세종특별시
2026-06-15T11:05:08+09:00,GBIKE,131424,93.0,36.480312,127.246378,12,세종특별시
2026-06-15T11:05:08+09:00,GBIKE,501351,56.0,36.480341,127.262063,12,세종특별시
2026-06-15T11:05:08+09:00,GBIKE,501157,40.0,36.480342,127.25025,12,세종특별시
2026-06-15T11:05:08+09:00,GBIKE,130194,61.0,36.480345,127.262079,12,세종특별시
2026-06-15T11:05:08+09:00,GBIKE,131847,30.0,36.480347,127.249819,12,세종특별시
2026-06-15T11:05:08+09:00,GBIKE,130226,93.0,36.480369,127.262026,12,세종특별시
2026-06-15T11:05:08+09:00,GBIKE,501132,47.0,36.480407,127.304193,12,세종특별시
2026-06-15T11:05:08+09:00,GBIKE,130716,55.0,36.480517,127.253219,12,세종특별시
2026-06-15T11:05:08+09:00,GBIKE,131403,32.0,36.480541,127.253623,12,세종특별시
2026-06-15T11:05:08+09:00,GBIKE,131241,76.0,36.480568,127.253291,12,세종특별시
2026-06-15T11:05:08+09:00,GBIKE,501307,40.0,36.480597,127.254689,12,세종특별시
2026-06-15T11:05:08+09:00,GBIKE,501504,82.0,36.480644,127.246559,12,세종특별시
2026-06-15T11:05:08+09:00,GBIKE,131114,60.0,36.480673,127.246536,12,세종특별시
2026-06-15T11:05:08+09:00,GBIKE,130769,39.0,36.480692,127.261767,12,세종특별시
2026-06-15T11:05:08+09:00,GBIKE,130612,49.0,36.480721,127.261809,12,세종특별시
2026-06-15T11:05:08+09:00,GBIKE,131695,91.0,36.480743,127.293295,12,세종특별시
2026-06-15T11:05:08+09:00,GBIKE,131657,37.0,36.480792,127.289096,12,세종특별시
2026-06-15T11:05:08+09:00,GBIKE,501203,56.0,36.48081,127.299739,12,세종특별시
2026-06-15T11:05:08+09:00,GBIKE,501567,54.0,36.480811,127.289073,12,세종특별시
2026-06-15T11:05:08+09:00,GBIKE,130931,82.0,36.480813,127.28904,12,세종특별시
2026-06-15T11:05:08+09:00,GBIKE,131924,49.0,36.480815,127.289058,12,세종특별시
2026-06-15T11:05:08+09:00,GBIKE,131227,42.0,36.480832,127.261705,12,세종특별시
2026-06-15T11:05:08+09:00,GBIKE,131283,32.0,36.480902,127.261698,12,세종특별시
2026-06-15T11:05:08+09:00,GBIKE,131550,48.0,36.480976,127.261682,12,세종특별시
2026-06-15T11:05:08+09:00,GBIKE,130350,94.0,36.481008,127.290725,12,세종특별시
2026-06-15T11:05:08+09:00,GBIKE,130097,30.0,36.481065,127.253407,12,세종특별시
2026-06-15T11:05:08+09:00,GBIKE,131317,32.0,36.48107,127.300678,12,세종특별시
2026-06-15T11:05:08+09:00,GBIKE,130516,85.0,36.481121,127.263152,12,세종특별시
2026-06-15T11:05:08+09:00,GBIKE,131326,78.0,36.481123,127.247421,12,세종특별시
2026-06-15T11:05:08+09:00,GBIKE,131799,83.0,36.481162,127.29056,12,세종특별시
2026-06-15T11:05:08+09:00,GBIKE,130202,82.0,36.481183,127.290563,12,세종특별시
2026-06-15T11:05:08+09:00,GBIKE,501324,87.0,36.481225,127.258938,12,세종특별시
2026-06-15T11:05:08+09:00,GBIKE,130619,72.0,36.481234,127.290037,12,세종특별시
2026-06-15T11:05:08+09:00,GBIKE,130388,95.0,36.481247,127.290031,12,세종특별시
2026-06-15T11:05:08+09:00,GBIKE,131084,84.0,36.481277,127.300969,12,세종특별시
2026-06-15T11:05:08+09:00,GBIKE,130328,30.0,36.481296,127.300892,12,세종특별시
2026-06-15T11:05:08+09:00,GBIKE,130428,31.0,36.481307,127.307531,12,세종특별시
2026-06-15T11:05:08+09:00,GBIKE,130960,85.0,36.481309,127.290084,12,세종특별시
2026-06-15T11:05:08+09:00,GBIKE,501344,67.0,36.481311,127.260391,12,세종특별시
2026-06-15T11:05:08+09:00,GBIKE,501323,53.0,36.481333,127.303882,12,세종특별시
2026-06-15T11:05:08+09:00,GBIKE,501509,69.0,36.481341,127.301098,12,세종특별시
2026-06-15T11:05:08+09:00,GBIKE,501458,38.0,36.481364,127.303921,12,세종특별시
2026-06-15T11:05:08+09:00,GBIKE,131839,33.0,36.481411,127.290316,12,세종특별시
2026-06-15T11:05:08+09:00,GBIKE,130928,55.0,36.481416,127.251972,12,세종특별시
2026-06-15T11:05:08+09:00,GBIKE,332827,30.0,36.481435,127.24633,12,세종특별시
2026-06-15T11:05:08+09:00,GBIKE,130068,32.0,36.481436,127.305147,12,세종특별시
2026-06-15T11:05:08+09:00,GBIKE,131167,100.0,36.481474,127.246284,12,세종특별시
2026-06-15T11:05:08+09:00,GBIKE,130583,39.0,36.481504,127.26385,12,세종특별시
2026-06-15T11:05:08+09:00,GBIKE,131643,77.0,36.481532,127.290694,12,세종특별시
2026-06-15T11:05:08+09:00,GBIKE,131861,51.0,36.48155,127.30814,12,세종특별시
2026-06-15T11:05:08+09:00,GBIKE,130873,95.0,36.481566,127.290541,12,세종특별시
2026-06-15T11:05:08+09:00,GBIKE,501129,30.0,36.481576,127.260242,12,세종특별시
2026-06-15T11:05:08+09:00,GBIKE,131560,85.0,36.481596,127.246393,12,세종특별시
2026-06-15T11:05:08+09:00,GBIKE,130739,86.0,36.481659,127.254234,12,세종특별시
2026-06-15T11:05:08+09:00,GBIKE,501415,30.0,36.481725,127.253251,12,세종특별시
2026-06-15T11:05:08+09:00,GBIKE,131523,56.0,36.481785,127.260142,12,세종특별시
2026-06-15T11:05:08+09:00,GBIKE,501321,79.0,36.481824,127.259913,12,세종특별시
2026-06-15T11:05:08+09:00,GBIKE,130675,55.0,36.482023,127.260156,12,세종특별시
2026-06-15T11:05:08+09:00,GBIKE,501547,79.0,36.482026,127.291911,12,세종특별시
2026-06-15T11:05:08+09:00,GBIKE,131949,79.0,36.482028,127.308619,12,세종특별시
2026-06-15T11:05:08+09:00,GBIKE,131115,31.0,36.482083,127.297206,12,세종특별시
2026-06-15T11:05:08+09:00,GBIKE,501269,93.0,36.482084,127.291994,12,세종특별시
2026-06-15T11:05:08+09:00,GBIKE,130084,31.0,36.482097,127.260404,12,세종특별시
2026-06-15T11:05:08+09:00,GBIKE,131526,32.0,36.482114,127.297086,12,세종특별시
2026-06-15T11:05:08+09:00,GBIKE,131428,33.0,36.482153,127.307846,12,세종특별시
2026-06-15T11:05:08+09:00,GBIKE,501425,43.0,36.482182,127.296631,12,세종특별시
2026-06-15T11:05:08+09:00,GBIKE,131923,79.0,36.482203,127.249299,12,세종특별시
2026-06-15T11:05:08+09:00,GBIKE,130354,39.0,36.48223,127.249695,12,세종특별시
2026-06-15T11:05:08+09:00,GBIKE,131426,42.0,36.482252,127.26063,12,세종특별시
2026-06-15T11:05:08+09:00,GBIKE,130239,100.0,36.482273,127.258762,12,세종특별시
2026-06-15T11:05:08+09:00,GBIKE,131538,33.0,36.482288,127.307149,12,세종특별시
2026-06-15T11:05:08+09:00,GBIKE,131587,48.0,36.482309,127.248603,12,세종특별시
2026-06-15T11:05:08+09:00,GBIKE,130661,30.0,36.482346,127.309407,12,세종특별시
2026-06-15T11:05:08+09:00,GBIKE,131335,39.0,36.482348,127.309426,12,세종특별시
2026-06-15T11:05:08+09:00,GBIKE,130994,75.0,36.482359,127.309406,12,세종특별시
2026-06-15T11:05:08+09:00,GBIKE,501580,58.0,36.482382,127.311366,12,세종특별시
2026-06-15T11:05:08+09:00,GBIKE,131025,87.0,36.482393,127.307118,12,세종특별시
2026-06-15T11:05:08+09:00,GBIKE,130438,88.0,36.482408,127.24893,12,세종특별시
2026-06-15T11:05:08+09:00,GBIKE,501499,100.0,36.48246,127.311478,12,세종특별시
2026-06-15T11:05:08+09:00,GBIKE,501150,45.0,36.48248,127.297112,12,세종특별시
2026-06-15T11:05:08+09:00,GBIKE,501108,31.0,36.482507,127.261206,12,세종특별시
2026-06-15T11:05:08+09:00,GBIKE,501261,67.0,36.482548,127.25321,12,세종특별시
2026-06-15T11:05:08+09:00,GBIKE,130415,59.0,36.482548,127.303551,12,세종특별시
2026-06-15T11:05:08+09:00,GBIKE,501529,86.0,36.482551,127.25317,12,세종특별시
2026-06-15T11:05:08+09:00,GBIKE,131985,90.0,36.482567,127.250008,12,세종특별시
2026-06-15T11:05:08+09:00,GBIKE,130407,84.0,36.482568,127.261898,12,세종특별시
2026-06-15T11:05:08+09:00,GBIKE,130094,59.0,36.482584,127.311227,12,세종특별시
2026-06-15T11:05:08+09:00,GBIKE,130591,52.0,36.482598,127.2672,12,세종특별시
2026-06-15T11:05:08+09:00,GBIKE,130649,41.0,36.482628,127.301062,12,세종특별시
2026-06-15T11:05:08+09:00,GBIKE,131880,31.0,36.482641,127.24983,12,세종특별시
2026-06-15T11:05:08+09:00,GBIKE,131549,32.0,36.482664,127.259954,12,세종특별시
2026-06-15T11:05:08+09:00,GBIKE,501139,76.0,36.482676,127.311258,12,세종특별시
2026-06-15T11:05:08+09:00,GBIKE,131450,64.0,36.482683,127.260436,12,세종특별시
2026-06-15T11:05:08+09:00,GBIKE,131153,30.0,36.482694,127.246576,12,세종특별시
2026-06-15T11:05:08+09:00,GBIKE,501355,73.0,36.482737,127.263569,12,세종특별시
2026-06-15T11:05:08+09:00,GBIKE,130991,75.0,36.482737,127.297905,12,세종특별시
2026-06-15T11:05:08+09:00,GBIKE,130910,83.0,36.482745,127.260376,12,세종특별시
2026-06-15T11:05:08+09:00,GBIKE,131441,37.0,36.482746,127.248537,12,세종특별시
2026-06-15T11:05:08+09:00,GBIKE,130234,34.0,36.482748,127.252556,12,세종특별시
2026-06-15T11:05:08+09:00,GBIKE,131239,87.0,36.482769,127.249476,12,세종특별시
2026-06-15T11:05:08+09:00,GBIKE,501189,30.0,36.482821,127.259804,12,세종특별시
2026-06-15T11:05:08+09:00,GBIKE,130896,90.0,36.482843,127.261095,12,세종특별시
2026-06-15T11:05:08+09:00,GBIKE,501411,33.0,36.482847,127.26387,12,세종특별시
2026-06-15T11:05:08+09:00,GBIKE,131117,95.0,36.482893,127.246169,12,세종특별시
2026-06-15T11:05:08+09:00,GBIKE,501451,100.0,36.482958,127.26155,12,세종특별시
2026-06-15T11:05:08+09:00,GBIKE,131795,40.0,36.482982,127.25726,12,세종특별시
2026-06-15T11:05:08+09:00,GBIKE,130365,32.0,36.482999,127.264113,12,세종특별시
2026-06-15T11:05:08+09:00,GBIKE,501135,34.0,36.483005,127.297817,12,세종특별시
2026-06-15T11:05:08+09:00,GBIKE,131778,40.0,36.483014,127.259239,12,세종특별시
2026-06-15T11:05:08+09:00,GBIKE,501225,98.0,36.483021,127.29798,12,세종특별시
2026-06-15T11:05:08+09:00,GBIKE,131058,90.0,36.48303,127.303388,12,세종특별시
2026-06-15T11:05:08+09:00,GBIKE,131517,41.0,36.483036,127.248331,12,세종특별시
2026-06-15T11:05:08+09:00,GBIKE,130703,95.0,36.483076,127.303369,12,세종특별시
2026-06-15T11:05:08+09:00,GBIKE,131206,33.0,36.483082,127.260612,12,세종특별시
2026-06-15T11:05:08+09:00,GBIKE,130452,100.0,36.483094,127.260855,12,세종특별시
2026-06-15T11:05:08+09:00,GBIKE,501412,69.0,36.483124,127.260559,12,세종특별시
2026-06-15T11:05:08+09:00,GBIKE,130633,82.0,36.483171,127.251507,12,세종특별시
2026-06-15T11:05:08+09:00,GBIKE,501187,83.0,36.483238,127.293534,12,세종특별시
2026-06-15T11:05:08+09:00,GBIKE,131333,35.0,36.483254,127.264404,12,세종특별시
2026-06-15T11:05:08+09:00,GBIKE,130749,47.0,36.483476,127.262969,12,세종특별시
2026-06-15T11:05:08+09:00,GBIKE,130437,82.0,36.483481,127.262855,12,세종특별시
2026-06-15T11:05:08+09:00,GBIKE,130204,55.0,36.483496,127.250804,12,세종특별시
2026-06-15T11:05:08+09:00,GBIKE,501104,32.0,36.483538,127.252768,12,세종특별시
2026-06-15T11:05:08+09:00,GBIKE,131263,37.0,36.483539,127.26285,12,세종특별시
2026-06-15T11:05:08+09:00,GBIKE,131741,50.0,36.483588,127.249517,12,세종특별시
2026-06-15T11:05:08+09:00,GBIKE,130864,30.0,36.483607,127.263258,12,세종특별시
2026-06-15T11:05:08+09:00,GBIKE,130267,93.0,36.48361,127.263314,12,세종특별시
2026-06-15T11:05:08+09:00,GBIKE,131462,38.0,36.48364,127.337794,12,세종특별시
2026-06-15T11:05:08+09:00,GBIKE,131139,75.0,36.48365,127.26263,12,세종특별시
2026-06-15T11:05:08+09:00,GBIKE,130595,91.0,36.483669,127.26269,12,세종특별시
2026-06-15T11:05:08+09:00,GBIKE,131264,55.0,36.483704,127.249167,12,세종특별시
2026-06-15T11:05:08+09:00,GBIKE,131027,40.0,36.483743,127.252308,12,세종특별시
2026-06-15T11:05:08+09:00,GBIKE,130069,92.0,36.483771,127.263346,12,세종특별시
2026-06-15T11:05:08+09:00,GBIKE,131842,36.0,36.483777,127.249269,12,세종특별시
2026-06-15T11:05:08+09:00,GBIKE,130156,47.0,36.483801,127.251656,12,세종특별시
2026-06-15T11:05:08+09:00,GBIKE,130050,30.0,36.483813,127.251611,12,세종특별시
2026-06-15T11:05:08+09:00,GBIKE,131728,30.0,36.483817,127.294267,12,세종특별시
2026-06-15T11:05:08+09:00,GBIKE,130335,44.0,36.483819,127.26309,12,세종특별시
2026-06-15T11:05:08+09:00,GBIKE,130389,43.0,36.483826,127.294021,12,세종특별시
2026-06-15T11:05:08+09:00,GBIKE,501501,66.0,36.483833,127.253078,12,세종특별시
2026-06-15T11:05:08+09:00,GBIKE,130880,95.0,36.483853,127.247203,12,세종특별시
2026-06-15T11:05:08+09:00,GBIKE,130545,65.0,36.483856,127.294033,12,세종특별시
2026-06-15T11:05:08+09:00,GBIKE,131946,34.0,36.483891,127.25666,12,세종특별시
2026-06-15T11:05:08+09:00,GBIKE,131515,44.0,36.483894,127.247255,12,세종특별시
2026-06-15T11:05:08+09:00,GBIKE,130653,70.0,36.48391,127.294059,12,세종특별시
2026-06-15T11:05:08+09:00,GBIKE,131715,36.0,36.483924,127.247291,12,세종특별시
2026-06-15T11:05:08+09:00,GBIKE,130555,32.0,36.483924,127.251987,12,세종특별시
2026-06-15T11:05:08+09:00,GBIKE,130282,55.0,36.483925,127.246137,12,세종특별시
2026-06-15T11:05:08+09:00,GBIKE,131160,40.0,36.48393,127.248927,12,세종특별시
2026-06-15T11:05:08+09:00,GBIKE,130380,82.0,36.483959,127.246185,12,세종특별시
2026-06-15T11:05:08+09:00,GBIKE,131573,100.0,36.483988,127.299814,12,세종특별시
2026-06-15T11:05:08+09:00,GBIKE,130824,84.0,36.484001,127.246149,12,세종특별시
2026-06-15T11:05:08+09:00,GBIKE,131258,94.0,36.484022,127.246039,12,세종특별시
2026-06-15T11:05:08+09:00,GBIKE,130487,68.0,36.484033,127.251111,12,세종특별시
2026-06-15T11:05:08+09:00,GBIKE,501498,49.0,36.484047,127.259226,12,세종특별시
2026-06-15T11:05:08+09:00,GBIKE,501556,100.0,36.484073,127.305797,12,세종특별시
2026-06-15T11:05:08+09:00,GBIKE,130622,57.0,36.484089,127.251313,12,세종특별시
2026-06-15T11:05:08+09:00,GBIKE,130561,100.0,36.484191,127.248974,12,세종특별시
2026-06-15T11:05:08+09:00,GBIKE,131727,91.0,36.484227,127.248662,12,세종특별시
2026-06-15T11:05:08+09:00,GBIKE,501175,51.0,36.484238,127.252184,12,세종특별시
2026-06-15T11:05:08+09:00,GBIKE,131556,96.0,36.484239,127.248975,12,세종특별시
2026-06-15T11:05:08+09:00,GBIKE,131634,50.0,36.484277,127.251696,12,세종특별시
2026-06-15T11:05:08+09:00,GBIKE,130090,31.0,36.484296,127.25005,12,세종특별시
2026-06-15T11:05:08+09:00,GBIKE,131647,68.0,36.484304,127.249465,12,세종특별시
2026-06-15T11:05:08+09:00,GBIKE,131412,58.0,36.484344,127.252161,12,세종특별시
2026-06-15T11:05:08+09:00,GBIKE,130893,84.0,36.484377,127.299294,12,세종특별시
2026-06-15T11:05:08+09:00,GBIKE,131984,31.0,36.484398,127.26087,12,세종특별시
2026-06-15T11:05:08+09:00,GBIKE,131551,55.0,36.48441,127.260881,12,세종특별시
2026-06-15T11:05:08+09:00,GBIKE,130024,100.0,36.484475,127.260435,12,세종특별시
2026-06-15T11:05:08+09:00,GBIKE,131926,93.0,36.484479,127.304995,12,세종특별시
2026-06-15T11:05:08+09:00,GBIKE,131791,30.0,36.484503,127.299354,12,세종특별시
2026-06-15T11:05:08+09:00,GBIKE,501220,67.0,36.484509,127.258305,12,세종특별시
2026-06-15T11:05:08+09:00,GBIKE,130560,44.0,36.484517,127.259412,12,세종특별시
2026-06-15T11:05:08+09:00,GBIKE,131927,88.0,36.484571,127.246083,12,세종특별시
2026-06-15T11:05:08+09:00,GBIKE,131759,89.0,36.484585,127.259503,12,세종특별시
2026-06-15T11:05:08+09:00,GBIKE,131635,34.0,36.484593,127.258473,12,세종특별시
2026-06-15T11:05:08+09:00,GBIKE,501543,59.0,36.48461,127.25942,12,세종특별시
2026-06-15T11:05:08+09:00,GBIKE,130040,62.0,36.484635,127.259668,12,세종특별시
2026-06-15T11:05:08+09:00,GBIKE,130178,31.0,36.484642,127.250906,12,세종특별시
2026-06-15T11:05:08+09:00,GBIKE,131351,100.0,36.484653,127.259431,12,세종특별시
2026-06-15T11:05:08+09:00,GBIKE,130310,30.0,36.484668,127.298429,12,세종특별시
2026-06-15T11:05:08+09:00,GBIKE,130923,30.0,36.484684,127.248745,12,세종특별시
2026-06-15T11:05:08+09:00,GBIKE,131303,48.0,36.484693,127.246056,12,세종특별시
2026-06-15T11:05:08+09:00,GBIKE,130540,32.0,36.484701,127.248795,12,세종특별시
2026-06-15T11:05:08+09:00,GBIKE,131915,33.0,36.48475,127.259422,12,세종특별시
2026-06-15T11:05:08+09:00,GBIKE,130635,46.0,36.484769,127.259406,12,세종특별시
2026-06-15T11:05:08+09:00,GBIKE,131369,71.0,36.484789,127.260693,12,세종특별시
2026-06-15T11:05:08+09:00,GBIKE,131511,77.0,36.484797,127.25287,12,세종특별시
2026-06-15T11:05:08+09:00,GBIKE,501140,100.0,36.484804,127.301614,12,세종특별시
2026-06-15T11:05:08+09:00,GBIKE,131952,30.0,36.484808,127.252268,12,세종특별시
2026-06-15T11:05:08+09:00,GBIKE,501263,76.0,36.484838,127.251171,12,세종특별시
2026-06-15T11:05:08+09:00,GBIKE,131056,32.0,36.484844,127.258543,12,세종특별시
2026-06-15T11:05:08+09:00,GBIKE,131642,100.0,36.484864,127.252195,12,세종특별시
2026-06-15T11:05:08+09:00,GBIKE,131172,48.0,36.484925,127.266339,12,세종특별시
2026-06-15T11:05:08+09:00,GBIKE,130961,72.0,36.484941,127.266348,12,세종특별시
2026-06-15T11:05:08+09:00,GBIKE,131245,100.0,36.484946,127.251118,12,세종특별시
2026-06-15T11:05:08+09:00,GBIKE,131961,30.0,36.484996,127.251031,12,세종특별시
2026-06-15T11:05:08+09:00,GBIKE,501566,32.0,36.485019,127.301814,12,세종특별시
2026-06-15T11:05:08+09:00,GBIKE,130034,92.0,36.485045,127.25131,12,세종특별시
2026-06-15T11:05:08+09:00,GBIKE,131436,93.0,36.485074,127.252482,12,세종특별시
2026-06-15T11:05:08+09:00,GBIKE,130026,30.0,36.485078,127.30385,12,세종특별시
2026-06-15T11:05:08+09:00,GBIKE,501597,43.0,36.485084,127.295408,12,세종특별시
2026-06-15T11:05:08+09:00,GBIKE,131749,100.0,36.485124,127.252712,12,세종특별시
2026-06-15T11:05:08+09:00,GBIKE,130325,91.0,36.485147,127.250938,12,세종특별시
2026-06-15T11:05:08+09:00,GBIKE,131833,98.0,36.485155,127.252681,12,세종특별시
2026-06-15T11:05:08+09:00,GBIKE,130669,69.0,36.485158,127.250907,12,세종특별시
2026-06-15T11:05:08+09:00,GBIKE,501176,80.0,36.485177,127.25053,12,세종특별시
2026-06-15T11:05:08+09:00,GBIKE,501384,30.0,36.485224,127.265929,12,세종특별시
2026-06-15T11:05:08+09:00,GBIKE,131265,95.0,36.485273,127.261519,12,세종특별시
2026-06-15T11:05:08+09:00,GBIKE,131798,32.0,36.485368,127.250491,12,세종특별시
2026-06-15T11:05:08+09:00,GBIKE,131644,38.0,36.485369,127.259202,12,세종특별시
2026-06-15T11:05:08+09:00,GBIKE,501341,30.0,36.485383,127.251108,12,세종특별시
2026-06-15T11:05:08+09:00,GBIKE,131966,39.0,36.485407,127.261866,12,세종특별시
2026-06-15T11:05:08+09:00,GBIKE,501443,30.0,36.485428,127.25011,12,세종특별시
2026-06-15T11:05:08+09:00,GBIKE,131811,56.0,36.485464,127.250985,12,세종특별시
2026-06-15T11:05:08+09:00,GBIKE,131501,30.0,36.48547,127.250355,12,세종특별시
2026-06-15T11:05:08+09:00,GBIKE,131300,85.0,36.485474,127.25099,12,세종특별시
2026-06-15T11:05:08+09:00,GBIKE,131324,75.0,36.485511,127.250997,12,세종특별시
2026-06-15T11:05:08+09:00,GBIKE,130727,48.0,36.485513,127.258735,12,세종특별시
2026-06-15T11:05:08+09:00,GBIKE,130442,75.0,36.485529,127.262145,12,세종특별시
2026-06-15T11:05:08+09:00,GBIKE,130857,31.0,36.485577,127.248098,12,세종특별시
2026-06-15T11:05:08+09:00,GBIKE,131483,74.0,36.485582,127.25889,12,세종특별시
2026-06-15T11:05:08+09:00,GBIKE,501224,54.0,36.485602,127.250694,12,세종특별시
2026-06-15T11:05:08+09:00,GBIKE,131623,100.0,36.485657,127.257751,12,세종특별시
2026-06-15T11:05:08+09:00,GBIKE,131080,81.0,36.485662,127.302081,12,세종특별시
2026-06-15T11:05:08+09:00,GBIKE,131639,63.0,36.485676,127.245419,12,세종특별시
2026-06-15T11:05:08+09:00,GBIKE,501577,68.0,36.485729,127.320378,12,세종특별시
2026-06-15T11:05:08+09:00,GBIKE,131271,36.0,36.48573,127.262151,12,세종특별시
2026-06-15T11:05:08+09:00,GBIKE,393554,30.0,36.485738,127.296456,12,세종특별시
2026-06-15T11:05:08+09:00,GBIKE,130844,61.0,36.485746,127.250133,12,세종특별시
2026-06-15T11:05:08+09:00,GBIKE,131854,94.0,36.485751,127.262414,12,세종특별시
2026-06-15T11:05:08+09:00,GBIKE,130498,30.0,36.485776,127.261796,12,세종특별시
2026-06-15T11:05:08+09:00,GBIKE,130570,60.0,36.485781,127.247828,12,세종특별시
2026-06-15T11:05:08+09:00,GBIKE,131030,67.0,36.48581,127.261511,12,세종특별시
2026-06-15T11:05:08+09:00,GBIKE,131238,70.0,36.485814,127.254779,12,세종특별시
2026-06-15T11:05:08+09:00,GBIKE,131803,36.0,36.485816,127.301556,12,세종특별시
2026-06-15T11:05:08+09:00,GBIKE,131443,71.0,36.485838,127.248293,12,세종특별시
2026-06-15T11:05:08+09:00,GBIKE,130364,30.0,36.485912,127.248109,12,세종특별시
2026-06-15T11:05:08+09:00,GBIKE,130775,35.0,36.48593,127.299396,12,세종특별시
2026-06-15T11:05:08+09:00,GBIKE,501467,99.0,36.48594,127.248269,12,세종특별시
2026-06-15T11:05:08+09:00,GBIKE,131295,55.0,36.486047,127.247947,12,세종특별시
2026-06-15T11:05:08+09:00,GBIKE,131138,30.0,36.486057,127.250053,12,세종특별시
2026-06-15T11:05:08+09:00,GBIKE,501222,60.0,36.486082,127.247841,12,세종특별시
2026-06-15T11:05:08+09:00,GBIKE,130475,69.0,36.48623,127.250817,12,세종특별시
2026-06-15T11:05:08+09:00,GBIKE,131331,43.0,36.486231,127.256952,12,세종특별시
2026-06-15T11:05:08+09:00,GBIKE,131496,80.0,36.486236,127.257175,12,세종특별시
2026-06-15T11:05:08+09:00,GBIKE,131085,72.0,36.486258,127.250888,12,세종특별시
2026-06-15T11:05:08+09:00,GBIKE,131600,79.0,36.486265,127.250818,12,세종특별시
2026-06-15T11:05:08+09:00,GBIKE,501522,33.0,36.486281,127.258294,12,세종특별시
2026-06-15T11:05:08+09:00,GBIKE,501555,72.0,36.486286,127.245355,12,세종특별시
2026-06-15T11:05:08+09:00,GBIKE,131768,34.0,36.486289,127.250273,12,세종특별시
2026-06-15T11:05:08+09:00,GBIKE,501210,66.0,36.486289,127.245549,12,세종특별시
2026-06-15T11:05:08+09:00,GBIKE,131092,100.0,36.486292,127.246352,12,세종특별시
2026-06-15T11:05:08+09:00,GBIKE,501297,74.0,36.486318,127.25348,12,세종특별시
2026-06-15T11:05:08+09:00,GBIKE,130116,50.0,36.486337,127.251859,12,세종특별시
2026-06-15T11:05:08+09:00,GBIKE,131825,49.0,36.486344,127.250853,12,세종특별시
2026-06-15T11:05:08+09:00,GBIKE,130027,31.0,36.486359,127.257252,12,세종특별시
2026-06-15T11:05:08+09:00,GBIKE,130881,89.0,36.48636,127.257181,12,세종특별시
2026-06-15T11:05:08+09:00,GBIKE,131472,63.0,36.486386,127.257187,12,세종특별시
2026-06-15T11:05:08+09:00,GBIKE,501395,73.0,36.486431,127.245169,12,세종특별시
2026-06-15T11:05:08+09:00,GBIKE,130448,36.0,36.486442,127.257194,12,세종특별시
2026-06-15T11:05:08+09:00,GBIKE,131513,51.0,36.486444,127.321278,12,세종특별시
2026-06-15T11:05:08+09:00,GBIKE,501171,33.0,36.48645,127.321232,12,세종특별시
2026-06-15T11:05:08+09:00,GBIKE,501391,34.0,36.486472,127.257876,12,세종특별시
2026-06-15T11:05:08+09:00,GBIKE,130985,67.0,36.486473,127.250531,12,세종특별시
2026-06-15T11:05:08+09:00,GBIKE,130222,36.0,36.486477,127.28331,12,세종특별시
2026-06-15T11:05:08+09:00,GBIKE,130564,65.0,36.486483,127.28331,12,세종특별시
2026-06-15T11:05:08+09:00,GBIKE,130779,41.0,36.486506,127.283281,12,세종특별시
2026-06-15T11:05:08+09:00,GBIKE,131101,31.0,36.486514,127.28333,12,세종특별시
2026-06-15T11:05:08+09:00,GBIKE,501180,30.0,36.486546,127.257703,12,세종특별시
2026-06-15T11:05:08+09:00,GBIKE,130689,48.0,36.48655,127.257696,12,세종특별시
2026-06-15T11:05:08+09:00,GBIKE,130772,42.0,36.486559,127.257782,12,세종특별시
2026-06-15T11:05:08+09:00,GBIKE,131690,100.0,36.486561,127.257767,12,세종특별시
2026-06-15T11:05:08+09:00,GBIKE,131806,34.0,36.486573,127.257714,12,세종특별시
2026-06-15T11:05:08+09:00,GBIKE,131311,77.0,36.486609,127.257668,12,세종특별시
2026-06-15T11:05:08+09:00,GBIKE,501464,73.0,36.48662,127.248122,12,세종특별시
2026-06-15T11:05:08+09:00,GBIKE,130604,100.0,36.486633,127.250593,12,세종특별시
2026-06-15T11:05:08+09:00,GBIKE,501109,55.0,36.486654,127.248104,12,세종특별시
2026-06-15T11:05:08+09:00,GBIKE,130867,38.0,36.486684,127.250761,12,세종특별시
2026-06-15T11:05:08+09:00,GBIKE,131617,32.0,36.486686,127.293827,12,세종특별시
2026-06-15T11:05:08+09:00,GBIKE,131404,98.0,36.486687,127.251712,12,세종특별시
2026-06-15T11:05:08+09:00,GBIKE,130733,34.0,36.486702,127.301233,12,세종특별시
2026-06-15T11:05:08+09:00,GBIKE,501252,53.0,36.486775,127.257376,12,세종특별시
2026-06-15T11:05:08+09:00,GBIKE,131196,83.0,36.486803,127.251054,12,세종특별시
2026-06-15T11:05:08+09:00,GBIKE,130381,33.0,36.486812,127.25002,12,세종특별시
2026-06-15T11:05:08+09:00,GBIKE,130605,64.0,36.486825,127.249669,12,세종특별시
2026-06-15T11:05:08+09:00,GBIKE,131055,36.0,36.486836,127.251833,12,세종특별시
2026-06-15T11:05:08+09:00,GBIKE,501372,34.0,36.486859,127.247589,12,세종특별시
2026-06-15T11:05:08+09:00,GBIKE,501413,40.0,36.486869,127.25783,12,세종특별시
2026-06-15T11:05:08+09:00,GBIKE,130333,66.0,36.486887,127.248756,12,세종특별시
2026-06-15T11:05:08+09:00,GBIKE,130304,79.0,36.486892,127.249284,12,세종특별시
2026-06-15T11:05:08+09:00,GBIKE,131438,86.0,36.486895,127.249996,12,세종특별시
2026-06-15T11:05:08+09:00,GBIKE,131431,56.0,36.486933,127.257439,12,세종특별시
2026-06-15T11:05:08+09:00,GBIKE,131886,93.0,36.486935,127.249172,12,세종특별시
2026-06-15T11:05:08+09:00,GBIKE,131563,64.0,36.48694,127.251709,12,세종특별시
2026-06-15T11:05:08+09:00,GBIKE,501350,30.0,36.48696,127.249688,12,세종특별시
2026-06-15T11:05:08+09:00,GBIKE,130019,100.0,36.486963,127.251698,12,세종특별시
2026-06-15T11:05:08+09:00,GBIKE,130161,69.0,36.486967,127.25155,12,세종특별시
2026-06-15T11:05:08+09:00,GBIKE,501164,100.0,36.48697,127.249694,12,세종특별시
2026-06-15T11:05:08+09:00,GBIKE,501449,66.0,36.486971,127.2493,12,세종특별시
2026-06-15T11:05:08+09:00,GBIKE,131718,91.0,36.486981,127.263394,12,세종특별시
2026-06-15T11:05:08+09:00,GBIKE,131465,30.0,36.486986,127.263356,12,세종특별시
2026-06-15T11:05:08+09:00,GBIKE,130558,78.0,36.486989,127.257882,12,세종특별시
2026-06-15T11:05:08+09:00,GBIKE,501227,39.0,36.48699,127.263385,12,세종특별시
2026-06-15T11:05:08+09:00,GBIKE,501264,71.0,36.486998,127.263388,12,세종특별시
2026-06-15T11:05:08+09:00,GBIKE,131506,97.0,36.487003,127.251653,12,세종특별시
2026-06-15T11:05:08+09:00,GBIKE,131533,42.0,36.48701,127.257895,12,세종특별시
2026-06-15T11:05:08+09:00,GBIKE,131429,39.0,36.487026,127.2575,12,세종특별시
2026-06-15T11:05:08+09:00,GBIKE,131981,90.0,36.487029,127.256917,12,세종특별시
2026-06-15T11:05:08+09:00,GBIKE,131964,49.0,36.487041,127.257483,12,세종특별시
2026-06-15T11:05:08+09:00,GBIKE,131813,100.0,36.487061,127.257415,12,세종특별시
2026-06-15T11:05:08+09:00,GBIKE,131887,54.0,36.487063,127.256898,12,세종특별시
2026-06-15T11:05:08+09:00,GBIKE,339068,33.0,36.487068,127.257466,12,세종특별시
2026-06-15T11:05:08+09:00,GBIKE,130742,30.0,36.487072,127.247622,12,세종특별시
2026-06-15T11:05:08+09:00,GBIKE,130838,60.0,36.487083,127.251839,12,세종특별시
2026-06-15T11:05:08+09:00,GBIKE,131299,42.0,36.487089,127.257882,12,세종특별시
2026-06-15T11:05:08+09:00,GBIKE,131471,39.0,36.487098,127.257848,12,세종특별시
2026-06-15T11:05:08+09:00,GBIKE,131933,90.0,36.48713,127.257804,12,세종특별시
2026-06-15T11:05:08+09:00,GBIKE,130228,93.0,36.487131,127.302104,12,세종특별시
2026-06-15T11:05:08+09:00,GBIKE,130371,91.0,36.487139,127.257863,12,세종특별시
2026-06-15T11:05:08+09:00,GBIKE,130305,78.0,36.487151,127.26495,12,세종특별시
2026-06-15T11:05:08+09:00,GBIKE,131120,78.0,36.487152,127.250737,12,세종특별시
2026-06-15T11:05:08+09:00,GBIKE,130430,100.0,36.487152,127.250769,12,세종특별시
2026-06-15T11:05:08+09:00,GBIKE,131150,54.0,36.487166,127.2574,12,세종특별시
2026-06-15T11:05:08+09:00,GBIKE,130214,82.0,36.487174,127.256974,12,세종특별시
2026-06-15T11:05:08+09:00,GBIKE,131023,61.0,36.487213,127.257378,12,세종특별시
2026-06-15T11:05:08+09:00,GBIKE,130429,32.0,36.487248,127.249316,12,세종특별시
2026-06-15T11:05:08+09:00,GBIKE,131921,30.0,36.487251,127.257342,12,세종특별시
2026-06-15T11:05:08+09:00,GBIKE,130503,30.0,36.487265,127.297062,12,세종특별시
2026-06-15T11:05:08+09:00,GBIKE,131008,78.0,36.487293,127.3194,12,세종특별시
2026-06-15T11:05:08+09:00,GBIKE,131565,31.0,36.487299,127.257371,12,세종특별시
2026-06-15T11:05:08+09:00,GBIKE,131014,68.0,36.487322,127.248484,12,세종특별시
2026-06-15T11:05:08+09:00,GBIKE,131466,45.0,36.487331,127.257704,12,세종특별시
2026-06-15T11:05:08+09:00,GBIKE,130709,86.0,36.487358,127.25073,12,세종특별시
2026-06-15T11:05:08+09:00,GBIKE,131045,38.0,36.487377,127.322272,12,세종특별시
2026-06-15T11:05:08+09:00,GBIKE,501466,38.0,36.487381,127.249395,12,세종특별시
2026-06-15T11:05:08+09:00,GBIKE,131028,90.0,36.487386,127.249873,12,세종특별시
2026-06-15T11:05:08+09:00,GBIKE,501353,80.0,36.487403,127.249721,12,세종특별시
2026-06-15T11:05:08+09:00,GBIKE,130394,98.0,36.487421,127.257176,12,세종특별시
2026-06-15T11:05:08+09:00,GBIKE,501585,31.0,36.487428,127.248612,12,세종특별시
2026-06-15T11:05:08+09:00,GBIKE,130762,84.0,36.487445,127.24468,12,세종특별시
2026-06-15T11:05:08+09:00,GBIKE,130355,30.0,36.487452,127.257155,12,세종특별시
2026-06-15T11:05:08+09:00,GBIKE,131397,35.0,36.487461,127.265981,12,세종특별시
2026-06-15T11:05:08+09:00,GBIKE,130980,35.0,36.487482,127.24471,12,세종특별시
2026-06-15T11:05:08+09:00,GBIKE,130408,61.0,36.487503,127.244716,12,세종특별시
2026-06-15T11:05:08+09:00,GBIKE,131095,30.0,36.487503,127.257682,12,세종특별시
2026-06-15T11:05:08+09:00,GBIKE,501136,40.0,36.487513,127.262181,12,세종특별시
2026-06-15T11:05:08+09:00,GBIKE,131992,30.0,36.487544,127.257571,12,세종특별시
2026-06-15T11:05:08+09:00,GBIKE,130998,30.0,36.487594,127.257589,12,세종특별시
2026-06-15T11:05:08+09:00,GBIKE,131033,45.0,36.487613,127.256948,12,세종특별시
2026-06-15T11:05:08+09:00,GBIKE,131307,31.0,36.487631,127.260687,12,세종특별시
2026-06-15T11:05:08+09:00,GBIKE,130686,37.0,36.487672,127.300563,12,세종특별시
2026-06-15T11:05:08+09:00,GBIKE,501502,38.0,36.487672,127.266678,12,세종특별시
2026-06-15T11:05:08+09:00,GBIKE,501519,74.0,36.48768,127.262289,12,세종특별시
2026-06-15T11:05:08+09:00,GBIKE,501362,94.0,36.487691,127.302848,12,세종특별시
2026-06-15T11:05:08+09:00,GBIKE,130571,79.0,36.487798,127.250254,12,세종특별시
2026-06-15T11:05:08+09:00,GBIKE,501365,62.0,36.487886,127.257026,12,세종특별시
2026-06-15T11:05:08+09:00,GBIKE,130972,59.0,36.487906,127.257018,12,세종특별시
2026-06-15T11:05:08+09:00,GBIKE,131053,62.0,36.487918,127.267147,12,세종특별시
2026-06-15T11:05:08+09:00,GBIKE,131063,62.0,36.48796,127.267299,12,세종특별시
2026-06-15T11:05:08+09:00,GBIKE,131083,97.0,36.488029,127.256213,12,세종특별시
2026-06-15T11:05:08+09:00,GBIKE,130033,36.0,36.488074,127.250238,12,세종특별시
2026-06-15T11:05:08+09:00,GBIKE,501489,52.0,36.488121,127.262974,12,세종특별시
2026-06-15T11:05:08+09:00,GBIKE,130929,37.0,36.488125,127.244229,12,세종특별시
2026-06-15T11:05:08+09:00,GBIKE,130524,33.0,36.488179,127.250216,12,세종특별시
2026-06-15T11:05:08+09:00,GBIKE,131228,52.0,36.488213,127.257012,12,세종특별시
2026-06-15T11:05:08+09:00,GBIKE,501131,62.0,36.488268,127.25029,12,세종특별시
2026-06-15T11:05:08+09:00,GBIKE,130715,31.0,36.488276,127.263745,12,세종특별시
2026-06-15T11:05:08+09:00,GBIKE,131447,63.0,36.48829,127.24755,12,세종특별시
2026-06-15T11:05:08+09:00,GBIKE,131066,56.0,36.488319,127.264545,12,세종특별시
2026-06-15T11:05:08+09:00,GBIKE,131979,59.0,36.488372,127.322304,12,세종특별시
2026-06-15T11:05:08+09:00,GBIKE,130919,75.0,36.488375,127.247441,12,세종특별시
2026-06-15T11:05:08+09:00,GBIKE,131005,84.0,36.488385,127.247533,12,세종특별시
2026-06-15T11:05:08+09:00,GBIKE,131954,41.0,36.488443,127.244047,12,세종특별시
2026-06-15T11:05:08+09:00,GBIKE,131062,38.0,36.488464,127.247414,12,세종특별시
2026-06-15T11:05:08+09:00,GBIKE,130697,31.0,36.488471,127.300111,12,세종특별시
2026-06-15T11:05:08+09:00,GBIKE,131801,70.0,36.488477,127.247587,12,세종특별시
2026-06-15T11:05:08+09:00,GBIKE,130334,74.0,36.488485,127.24658,12,세종특별시
2026-06-15T11:05:08+09:00,GBIKE,130780,77.0,36.488501,127.247616,12,세종특별시
2026-06-15T11:05:08+09:00,GBIKE,130176,90.0,36.488544,127.247598,12,세종특별시
2026-06-15T11:05:08+09:00,GBIKE,130298,67.0,36.488547,127.261358,12,세종특별시
2026-06-15T11:05:08+09:00,GBIKE,131636,77.0,36.488615,127.257123,12,세종특별시
2026-06-15T11:05:08+09:00,GBIKE,131218,54.0,36.488655,127.250125,12,세종특별시
2026-06-15T11:05:08+09:00,GBIKE,131286,47.0,36.488736,127.25616,12,세종특별시
2026-06-15T11:05:08+09:00,GBIKE,130032,57.0,36.488745,127.247352,12,세종특별시
2026-06-15T11:05:08+09:00,GBIKE,130237,87.0,36.488751,127.256365,12,세종특별시
2026-06-15T11:05:08+09:00,GBIKE,131463,70.0,36.488754,127.252317,12,세종특별시
2026-06-15T11:05:08+09:00,GBIKE,130363,32.0,36.488769,127.247347,12,세종특별시
2026-06-15T11:05:08+09:00,GBIKE,131577,57.0,36.488782,127.255919,12,세종특별시
2026-06-15T11:05:08+09:00,GBIKE,131442,48.0,36.488836,127.262828,12,세종특별시
2026-06-15T11:05:08+09:00,GBIKE,501553,69.0,36.488917,127.255033,12,세종특별시
2026-06-15T11:05:08+09:00,GBIKE,130131,36.0,36.488933,127.257084,12,세종특별시
2026-06-15T11:05:08+09:00,GBIKE,131423,84.0,36.488935,127.256766,12,세종특별시
2026-06-15T11:05:08+09:00,GBIKE,131046,81.0,36.488952,127.257034,12,세종특별시
2026-06-15T11:05:08+09:00,GBIKE,131183,95.0,36.488958,127.256748,12,세종특별시
2026-06-15T11:05:08+09:00,GBIKE,130232,48.0,36.48896,127.247143,12,세종특별시
2026-06-15T11:05:08+09:00,GBIKE,130650,83.0,36.488962,127.257051,12,세종특별시
2026-06-15T11:05:08+09:00,GBIKE,131802,66.0,36.488973,127.256456,12,세종특별시
2026-06-15T11:05:08+09:00,GBIKE,501484,90.0,36.488973,127.321874,12,세종특별시
2026-06-15T11:05:08+09:00,GBIKE,131679,100.0,36.488986,127.257064,12,세종특별시
2026-06-15T11:05:08+09:00,GBIKE,130093,30.0,36.488995,127.266245,12,세종특별시
2026-06-15T11:05:08+09:00,GBIKE,130425,95.0,36.488995,127.256968,12,세종특별시
2026-06-15T11:05:08+09:00,GBIKE,131716,35.0,36.488996,127.257019,12,세종특별시
2026-06-15T11:05:08+09:00,GBIKE,130230,32.0,36.489003,127.247335,12,세종특별시
2026-06-15T11:05:08+09:00,GBIKE,131384,73.0,36.489015,127.254867,12,세종특별시
2026-06-15T11:05:08+09:00,GBIKE,130970,30.0,36.489019,127.257016,12,세종특별시
2026-06-15T11:05:08+09:00,GBIKE,131108,36.0,36.489035,127.247347,12,세종특별시
2026-06-15T11:05:08+09:00,GBIKE,131235,66.0,36.489045,127.259566,12,세종특별시
2026-06-15T11:05:08+09:00,GBIKE,130351,34.0,36.489057,127.266342,12,세종특별시
2026-06-15T11:05:08+09:00,GBIKE,130679,57.0,36.489069,127.247596,12,세종특별시
2026-06-15T11:05:08+09:00,GBIKE,131054,91.0,36.489069,127.247317,12,세종특별시
2026-06-15T11:05:08+09:00,GBIKE,130087,60.0,36.489087,127.266468,12,세종특별시
2026-06-15T11:05:08+09:00,GBIKE,130609,33.0,36.489099,127.243797,12,세종특별시
2026-06-15T11:05:08+09:00,GBIKE,131164,59.0,36.489103,127.302281,12,세종특별시
2026-06-15T11:05:08+09:00,GBIKE,501258,90.0,36.489128,127.265768,12,세종특별시
2026-06-15T11:05:08+09:00,GBIKE,131133,35.0,36.489139,127.256237,12,세종특별시
2026-06-15T11:05:08+09:00,GBIKE,131628,49.0,36.489168,127.256181,12,세종특별시
2026-06-15T11:05:08+09:00,GBIKE,130958,39.0,36.489175,127.256215,12,세종특별시
2026-06-15T11:05:08+09:00,GBIKE,130209,55.0,36.489197,127.271136,12,세종특별시
2026-06-15T11:05:08+09:00,GBIKE,501370,95.0,36.489227,127.30233,12,세종특별시
2026-06-15T11:05:08+09:00,GBIKE,130885,98.0,36.489228,127.256471,12,세종특별시
2026-06-15T11:05:08+09:00,GBIKE,130721,99.0,36.489233,127.247068,12,세종특별시
2026-06-15T11:05:08+09:00,GBIKE,130186,72.0,36.489255,127.253388,12,세종특별시
2026-06-15T11:05:08+09:00,GBIKE,131379,49.0,36.48928,127.256511,12,세종특별시
2026-06-15T11:05:08+09:00,GBIKE,131319,81.0,36.489317,127.252957,12,세종특별시
2026-06-15T11:05:08+09:00,GBIKE,131980,42.0,36.489318,127.2665,12,세종특별시
2026-06-15T11:05:08+09:00,GBIKE,131019,53.0,36.489344,127.258191,12,세종특별시
2026-06-15T11:05:08+09:00,GBIKE,130512,84.0,36.489347,127.256516,12,세종특별시
2026-06-15T11:05:08+09:00,GBIKE,130889,77.0,36.489352,127.256577,12,세종특별시
2026-06-15T11:05:08+09:00,GBIKE,130944,62.0,36.489362,127.256528,12,세종특별시
2026-06-15T11:05:08+09:00,GBIKE,130294,30.0,36.489394,127.266105,12,세종특별시
2026-06-15T11:05:08+09:00,GBIKE,131065,94.0,36.489394,127.256497,12,세종특별시
2026-06-15T11:05:08+09:00,GBIKE,131337,38.0,36.489399,127.256557,12,세종특별시
2026-06-15T11:05:08+09:00,GBIKE,131018,41.0,36.489405,127.257962,12,세종특별시
2026-06-15T11:05:08+09:00,GBIKE,130751,35.0,36.489423,127.256444,12,세종특별시
2026-06-15T11:05:08+09:00,GBIKE,130221,83.0,36.48943,127.256507,12,세종특별시
2026-06-15T11:05:08+09:00,GBIKE,501345,91.0,36.489434,127.256774,12,세종특별시
2026-06-15T11:05:08+09:00,GBIKE,130945,51.0,36.489446,127.25656,12,세종특별시
2026-06-15T11:05:08+09:00,GBIKE,131568,82.0,36.489447,127.256516,12,세종특별시
2026-06-15T11:05:08+09:00,GBIKE,131911,33.0,36.489448,127.256482,12,세종특별시
2026-06-15T11:05:08+09:00,GBIKE,130790,90.0,36.489454,127.25658,12,세종특별시
2026-06-15T11:05:08+09:00,GBIKE,131725,57.0,36.489464,127.247169,12,세종특별시
2026-06-15T11:05:08+09:00,GBIKE,130126,68.0,36.489467,127.256567,12,세종특별시
2026-06-15T11:05:08+09:00,GBIKE,131410,33.0,36.48948,127.256513,12,세종특별시
2026-06-15T11:05:08+09:00,GBIKE,501338,79.0,36.489481,127.256551,12,세종특별시
2026-06-15T11:05:08+09:00,GBIKE,130447,61.0,36.489481,127.256481,12,세종특별시
2026-06-15T11:05:08+09:00,GBIKE,130197,73.0,36.48949,127.259329,12,세종특별시
2026-06-15T11:05:08+09:00,GBIKE,131185,30.0,36.489515,127.25699,12,세종특별시
2026-06-15T11:05:08+09:00,GBIKE,131298,35.0,36.489517,127.256523,12,세종특별시
2026-06-15T11:05:08+09:00,GBIKE,130766,35.0,36.489525,127.301725,12,세종특별시
2026-06-15T11:05:08+09:00,GBIKE,130783,64.0,36.489535,127.256514,12,세종특별시
2026-06-15T11:05:08+09:00,GBIKE,131312,32.0,36.489544,127.259329,12,세종특별시
2026-06-15T11:05:08+09:00,GBIKE,131040,67.0,36.489549,127.259216,12,세종특별시
2026-06-15T11:05:08+09:00,GBIKE,131788,72.0,36.489558,127.256582,12,세종특별시
2026-06-15T11:05:08+09:00,GBIKE,130934,66.0,36.489591,127.301725,12,세종특별시
2026-06-15T11:05:08+09:00,GBIKE,130906,98.0,36.489624,127.256437,12,세종특별시
2026-06-15T11:05:08+09:00,GBIKE,130313,31.0,36.489627,127.256437,12,세종특별시
2026-06-15T11:05:08+09:00,GBIKE,131126,36.0,36.489729,127.259553,12,세종특별시
2026-06-15T11:05:08+09:00,GBIKE,130418,80.0,36.489807,127.244917,12,세종특별시
2026-06-15T11:05:08+09:00,GBIKE,131929,100.0,36.489837,127.259548,12,세종특별시
2026-06-15T11:05:08+09:00,GBIKE,131714,60.0,36.489877,127.259314,12,세종특별시
2026-06-15T11:05:08+09:00,GBIKE,130909,46.0,36.489879,127.259248,12,세종특별시
2026-06-15T11:05:08+09:00,GBIKE,130215,81.0,36.489899,127.259279,12,세종특별시
2026-06-15T11:05:08+09:00,GBIKE,501582,46.0,36.489927,127.255829,12,세종특별시
2026-06-15T11:05:08+09:00,GBIKE,130688,100.0,36.489966,127.256358,12,세종특별시
2026-06-15T11:05:08+09:00,GBIKE,131629,47.0,36.489974,127.244995,12,세종특별시
2026-06-15T11:05:08+09:00,GBIKE,131588,35.0,36.48999,127.255632,12,세종특별시
2026-06-15T11:05:08+09:00,GBIKE,130167,52.0,36.489998,127.255849,12,세종특별시
2026-06-15T11:05:08+09:00,GBIKE,501408,56.0,36.490008,127.255705,12,세종특별시
2026-06-15T11:05:08+09:00,GBIKE,130606,93.0,36.490017,127.255613,12,세종특별시
2026-06-15T11:05:08+09:00,GBIKE,131824,34.0,36.490055,127.257312,12,세종특별시
2026-06-15T11:05:08+09:00,GBIKE,131995,31.0,36.490062,127.248734,12,세종특별시
2026-06-15T11:05:08+09:00,GBIKE,131476,74.0,36.490068,127.255778,12,세종특별시
2026-06-15T11:05:08+09:00,GBIKE,131289,71.0,36.490132,127.247632,12,세종특별시
2026-06-15T11:05:08+09:00,GBIKE,131051,88.0,36.490157,127.256701,12,세종특별시
2026-06-15T11:05:08+09:00,GBIKE,131665,63.0,36.490195,127.254184,12,세종특별시
2026-06-15T11:05:08+09:00,GBIKE,130280,66.0,36.490206,127.252882,12,세종특별시
2026-06-15T11:05:08+09:00,GBIKE,131510,71.0,36.490228,127.256752,12,세종특별시
2026-06-15T11:05:08+09:00,GBIKE,131571,32.0,36.490238,127.247121,12,세종특별시
2026-06-15T11:05:08+09:00,GBIKE,131144,92.0,36.490271,127.256773,12,세종특별시
2026-06-15T11:05:08+09:00,GBIKE,131698,57.0,36.490276,127.25416,12,세종특별시
2026-06-15T11:05:08+09:00,GBIKE,131784,75.0,36.490279,127.256192,12,세종특별시
2026-06-15T11:05:08+09:00,GBIKE,130518,40.0,36.490323,127.243372,12,세종특별시
2026-06-15T11:05:08+09:00,GBIKE,131145,32.0,36.490332,127.258653,12,세종특별시
2026-06-15T11:05:08+09:00,GBIKE,130618,65.0,36.490364,127.256763,12,세종특별시
2026-06-15T11:05:08+09:00,GBIKE,131572,71.0,36.490366,127.25915,12,세종특별시
2026-06-15T11:05:08+09:00,GBIKE,501128,96.0,36.490376,127.303073,12,세종특별시
2026-06-15T11:05:08+09:00,GBIKE,131524,38.0,36.490403,127.249034,12,세종특별시
2026-06-15T11:05:08+09:00,GBIKE,131686,69.0,36.490433,127.245362,12,세종특별시
2026-06-15T11:05:08+09:00,GBIKE,501123,31.0,36.490439,127.301676,12,세종특별시
2026-06-15T11:05:08+09:00,GBIKE,130238,45.0,36.490444,127.263224,12,세종특별시
2026-06-15T11:05:08+09:00,GBIKE,501554,93.0,36.490468,127.302899,12,세종특별시
2026-06-15T11:05:08+09:00,GBIKE,131255,64.0,36.490538,127.301758,12,세종특별시
2026-06-15T11:05:08+09:00,GBIKE,131779,95.0,36.490566,127.267811,12,세종특별시
2026-06-15T11:05:08+09:00,GBIKE,130850,41.0,36.490566,127.259161,12,세종특별시
2026-06-15T11:05:08+09:00,GBIKE,501392,48.0,36.490596,127.267856,12,세종특별시
2026-06-15T11:05:08+09:00,GBIKE,130261,30.0,36.490597,127.25912,12,세종특별시
2026-06-15T11:05:08+09:00,GBIKE,131173,67.0,36.490627,127.301396,12,세종특별시
2026-06-15T11:05:08+09:00,GBIKE,131106,59.0,36.490657,127.256229,12,세종특별시
2026-06-15T11:05:08+09:00,GBIKE,131569,31.0,36.490674,127.259105,12,세종특별시
2026-06-15T11:05:08+09:00,GBIKE,501103,77.0,36.490699,127.261608,12,세종특별시
2026-06-15T11:05:08+09:00,GBIKE,131869,100.0,36.49074,127.254827,12,세종특별시
2026-06-15T11:05:08+09:00,GBIKE,131387,31.0,36.49084,127.256137,12,세종특별시
2026-06-15T11:05:08+09:00,GBIKE,501439,100.0,36.490931,127.257414,12,세종특별시
2026-06-15T11:05:08+09:00,GBIKE,501152,80.0,36.491004,127.257894,12,세종특별시
2026-06-15T11:05:08+09:00,GBIKE,130300,47.0,36.491011,127.25701,12,세종특별시
2026-06-15T11:05:08+09:00,GBIKE,130276,32.0,36.491015,127.257199,12,세종특별시
2026-06-15T11:05:08+09:00,GBIKE,131456,37.0,36.491026,127.257174,12,세종특별시
2026-06-15T11:05:08+09:00,GBIKE,501334,53.0,36.491028,127.25764,12,세종특별시
2026-06-15T11:05:08+09:00,GBIKE,131567,40.0,36.491048,127.257315,12,세종특별시
2026-06-15T11:05:08+09:00,GBIKE,131579,34.0,36.491053,127.257125,12,세종특별시
2026-06-15T11:05:08+09:00,GBIKE,130471,32.0,36.491056,127.257157,12,세종특별시
2026-06-15T11:05:08+09:00,GBIKE,501126,72.0,36.491068,127.262957,12,세종특별시
2026-06-15T11:05:08+09:00,GBIKE,131282,34.0,36.491073,127.25676,12,세종특별시
2026-06-15T11:05:08+09:00,GBIKE,131853,52.0,36.491084,127.254376,12,세종특별시
2026-06-15T11:05:08+09:00,GBIKE,130427,33.0,36.491088,127.253493,12,세종특별시
2026-06-15T11:05:08+09:00,GBIKE,501462,100.0,36.491105,127.262799,12,세종특별시
2026-06-15T11:05:08+09:00,GBIKE,131770,96.0,36.49112,127.254373,12,세종특별시
2026-06-15T11:05:08+09:00,GBIKE,130157,54.0,36.491137,127.300714,12,세종특별시
2026-06-15T11:05:08+09:00,GBIKE,131752,33.0,36.49115,127.249537,12,세종특별시
2026-06-15T11:05:08+09:00,GBIKE,130362,87.0,36.491159,127.258352,12,세종특별시
2026-06-15T11:05:08+09:00,GBIKE,131352,77.0,36.49117,127.246237,12,세종특별시
2026-06-15T11:05:08+09:00,GBIKE,501366,81.0,36.4912,127.254538,12,세종특별시
2026-06-15T11:05:08+09:00,GBIKE,130266,35.0,36.491222,127.249566,12,세종특별시
2026-06-15T11:05:08+09:00,GBIKE,131461,30.0,36.491254,127.258416,12,세종특별시
2026-06-15T11:05:08+09:00,GBIKE,501516,30.0,36.491273,127.256172,12,세종특별시
2026-06-15T11:05:08+09:00,GBIKE,130152,72.0,36.491289,127.242254,12,세종특별시
2026-06-15T11:05:08+09:00,GBIKE,130291,54.0,36.4913,127.256199,12,세종특별시
2026-06-15T11:05:08+09:00,GBIKE,131003,87.0,36.491314,127.256144,12,세종특별시
2026-06-15T11:05:08+09:00,GBIKE,130133,35.0,36.491315,127.254991,12,세종특별시
2026-06-15T11:05:08+09:00,GBIKE,130665,36.0,36.491341,127.255867,12,세종특별시
2026-06-15T11:05:08+09:00,GBIKE,130701,80.0,36.491345,127.269552,12,세종특별시
2026-06-15T11:05:08+09:00,GBIKE,501201,50.0,36.491358,127.269619,12,세종특별시
2026-06-15T11:05:08+09:00,GBIKE,131405,36.0,36.491363,127.256192,12,세종특별시
2026-06-15T11:05:08+09:00,GBIKE,130603,74.0,36.491366,127.256058,12,세종특별시
2026-06-15T11:05:08+09:00,GBIKE,501427,35.0,36.491377,127.256157,12,세종특별시
2026-06-15T11:05:08+09:00,GBIKE,131530,78.0,36.491377,127.269644,12,세종특별시
2026-06-15T11:05:08+09:00,GBIKE,131772,58.0,36.491377,127.26975,12,세종특별시
2026-06-15T11:05:08+09:00,GBIKE,130773,30.0,36.491394,127.25613,12,세종특별시
2026-06-15T11:05:08+09:00,GBIKE,131360,52.0,36.491394,127.258011,12,세종특별시
2026-06-15T11:05:08+09:00,GBIKE,501430,65.0,36.491398,127.256139,12,세종특별시
2026-06-15T11:05:08+09:00,GBIKE,501196,93.0,36.4914,127.256105,12,세종특별시
2026-06-15T11:05:08+09:00,GBIKE,131361,69.0,36.491402,127.258088,12,세종특별시
2026-06-15T11:05:08+09:00,GBIKE,130981,51.0,36.491431,127.256155,12,세종특별시
2026-06-15T11:05:08+09:00,GBIKE,131878,53.0,36.491471,127.26263,12,세종특별시
2026-06-15T11:05:08+09:00,GBIKE,130587,99.0,36.491472,127.258041,12,세종특별시
2026-06-15T11:05:08+09:00,GBIKE,131015,49.0,36.491499,127.256667,12,세종특별시
2026-06-15T11:05:08+09:00,GBIKE,131625,95.0,36.491509,127.300075,12,세종특별시
2026-06-15T11:05:08+09:00,GBIKE,131888,45.0,36.491559,127.243769,12,세종특별시
2026-06-15T11:05:08+09:00,GBIKE,130393,91.0,36.491591,127.256196,12,세종특별시
2026-06-15T11:05:08+09:00,GBIKE,131616,43.0,36.491594,127.25421,12,세종특별시
2026-06-15T11:05:08+09:00,GBIKE,130130,81.0,36.491616,127.260537,12,세종특별시
2026-06-15T11:05:08+09:00,GBIKE,130179,43.0,36.491629,127.260614,12,세종특별시
2026-06-15T11:05:08+09:00,GBIKE,501419,32.0,36.491634,127.256137,12,세종특별시
2026-06-15T11:05:08+09:00,GBIKE,131776,38.0,36.491689,127.261412,12,세종특별시
2026-06-15T11:05:08+09:00,GBIKE,131838,93.0,36.491695,127.303369,12,세종특별시
2026-06-15T11:05:08+09:00,GBIKE,501438,81.0,36.491724,127.269531,12,세종특별시
2026-06-15T11:05:08+09:00,GBIKE,501142,69.0,36.49174,127.269574,12,세종특별시
2026-06-15T11:05:08+09:00,GBIKE,130626,34.0,36.491744,127.260417,12,세종특별시
2026-06-15T11:05:08+09:00,GBIKE,130165,100.0,36.491748,127.256591,12,세종특별시
2026-06-15T11:05:08+09:00,GBIKE,131651,100.0,36.49178,127.25658,12,세종특별시
2026-06-15T11:05:08+09:00,GBIKE,131468,74.0,36.491799,127.256588,12,세종특별시
2026-06-15T11:05:08+09:00,GBIKE,131079,82.0,36.491846,127.256591,12,세종특별시
2026-06-15T11:05:08+09:00,GBIKE,501186,67.0,36.491872,127.25906,12,세종특별시
2026-06-15T11:05:08+09:00,GBIKE,131509,40.0,36.491881,127.253941,12,세종특별시
2026-06-15T11:05:08+09:00,GBIKE,130862,35.0,36.491883,127.241491,12,세종특별시
2026-06-15T11:05:08+09:00,GBIKE,130992,86.0,36.491902,127.254566,12,세종특별시
2026-06-15T11:05:08+09:00,GBIKE,501578,79.0,36.491941,127.262472,12,세종특별시
2026-06-15T11:05:08+09:00,GBIKE,131566,100.0,36.491941,127.254277,12,세종특별시
2026-06-15T11:05:08+09:00,GBIKE,130777,65.0,36.491951,127.251569,12,세종특별시
2026-06-15T11:05:08+09:00,GBIKE,130781,78.0,36.491954,127.241682,12,세종특별시
2026-06-15T11:05:08+09:00,GBIKE,130473,65.0,36.492028,127.241698,12,세종특별시
2026-06-15T11:05:08+09:00,GBIKE,131039,66.0,36.492042,127.241662,12,세종특별시
2026-06-15T11:05:08+09:00,GBIKE,130937,47.0,36.492207,127.256035,12,세종특별시
2026-06-15T11:05:08+09:00,GBIKE,131367,39.0,36.492215,127.256105,12,세종특별시
2026-06-15T11:05:08+09:00,GBIKE,131200,86.0,36.492245,127.241501,12,세종특별시
2026-06-15T11:05:08+09:00,GBIKE,130907,88.0,36.492248,127.245807,12,세종특별시
2026-06-15T11:05:08+09:00,GBIKE,130065,56.0,36.492263,127.241449,12,세종특별시
2026-06-15T11:05:08+09:00,GBIKE,130968,91.0,36.492291,127.245933,12,세종특별시
2026-06-15T11:05:08+09:00,GBIKE,501122,97.0,36.492303,127.257043,12,세종특별시
2026-06-15T11:05:08+09:00,GBIKE,131738,30.0,36.492325,127.241406,12,세종특별시
2026-06-15T11:05:08+09:00,GBIKE,131555,31.0,36.492366,127.25297,12,세종특별시
2026-06-15T11:05:08+09:00,GBIKE,131745,30.0,36.492366,127.241373,12,세종특별시
2026-06-15T11:05:08+09:00,GBIKE,130811,30.0,36.492437,127.254875,12,세종특별시
2026-06-15T11:05:08+09:00,GBIKE,131836,52.0,36.492483,127.244257,12,세종특별시
2026-06-15T11:05:08+09:00,GBIKE,131482,49.0,36.492497,127.254401,12,세종특별시
2026-06-15T11:05:08+09:00,GBIKE,131408,30.0,36.492591,127.26283,12,세종특별시
2026-06-15T11:05:08+09:00,GBIKE,131989,76.0,36.492598,127.255931,12,세종특별시
2026-06-15T11:05:08+09:00,GBIKE,130358,39.0,36.492599,127.257101,12,세종특별시
2026-06-15T11:05:08+09:00,GBIKE,131519,92.0,36.492601,127.255866,12,세종특별시
2026-06-15T11:05:08+09:00,GBIKE,130308,100.0,36.492619,127.303067,12,세종특별시
2026-06-15T11:05:08+09:00,GBIKE,130589,89.0,36.492636,127.303064,12,세종특별시
2026-06-15T11:05:08+09:00,GBIKE,130113,100.0,36.492651,127.303075,12,세종특별시
2026-06-15T11:05:08+09:00,GBIKE,501574,86.0,36.492653,127.255076,12,세종특별시
2026-06-15T11:05:08+09:00,GBIKE,131210,36.0,36.492653,127.256227,12,세종특별시
2026-06-15T11:05:08+09:00,GBIKE,501473,35.0,36.492653,127.241586,12,세종특별시
2026-06-15T11:05:08+09:00,GBIKE,131503,30.0,36.492659,127.303074,12,세종특별시
2026-06-15T11:05:08+09:00,GBIKE,130668,33.0,36.492661,127.255018,12,세종특별시
2026-06-15T11:05:08+09:00,GBIKE,131356,46.0,36.492683,127.269491,12,세종특별시
2026-06-15T11:05:08+09:00,GBIKE,130986,89.0,36.492693,127.249123,12,세종특별시
2026-06-15T11:05:08+09:00,GBIKE,131775,95.0,36.492731,127.242115,12,세종특별시
2026-06-15T11:05:08+09:00,GBIKE,130092,85.0,36.492742,127.251497,12,세종특별시
2026-06-15T11:05:08+09:00,GBIKE,130419,44.0,36.492747,127.249076,12,세종특별시
2026-06-15T11:05:08+09:00,GBIKE,131575,41.0,36.492759,127.255154,12,세종특별시
2026-06-15T11:05:08+09:00,GBIKE,501161,92.0,36.49282,127.253909,12,세종특별시
2026-06-15T11:05:08+09:00,GBIKE,131274,75.0,36.492822,127.24265,12,세종특별시
2026-06-15T11:05:08+09:00,GBIKE,130859,68.0,36.492825,127.257683,12,세종특별시
2026-06-15T11:05:08+09:00,GBIKE,501114,88.0,36.492838,127.253948,12,세종특별시
2026-06-15T11:05:08+09:00,GBIKE,130235,30.0,36.492861,127.242642,12,세종특별시
2026-06-15T11:05:08+09:00,GBIKE,501273,30.0,36.492876,127.243447,12,세종특별시
2026-06-15T11:05:08+09:00,GBIKE,131611,73.0,36.492878,127.300831,12,세종특별시
2026-06-15T11:05:08+09:00,GBIKE,130412,97.0,36.492891,127.242614,12,세종특별시
2026-06-15T11:05:08+09:00,GBIKE,131761,42.0,36.492895,127.25458,12,세종특별시
2026-06-15T11:05:08+09:00,GBIKE,130478,61.0,36.492915,127.305236,12,세종특별시
2026-06-15T11:05:08+09:00,GBIKE,130856,37.0,36.492918,127.24395,12,세종특별시
2026-06-15T11:05:08+09:00,GBIKE,131828,100.0,36.492924,127.252067,12,세종특별시
2026-06-15T11:05:08+09:00,GBIKE,130698,94.0,36.492996,127.255386,12,세종특별시
2026-06-15T11:05:08+09:00,GBIKE,131270,35.0,36.492996,127.254712,12,세종특별시
2026-06-15T11:05:08+09:00,GBIKE,130922,92.0,36.492999,127.245663,12,세종특별시
2026-06-15T11:05:08+09:00,GBIKE,130479,74.0,36.493001,127.257259,12,세종특별시
2026-06-15T11:05:08+09:00,GBIKE,501579,96.0,36.493023,127.252896,12,세종특별시
2026-06-15T11:05:08+09:00,GBIKE,131656,45.0,36.493028,127.300522,12,세종특별시
2026-06-15T11:05:08+09:00,GBIKE,131785,91.0,36.493136,127.255498,12,세종특별시
2026-06-15T11:05:08+09:00,GBIKE,131435,95.0,36.493212,127.301416,12,세종특별시
2026-06-15T11:05:08+09:00,GBIKE,501367,67.0,36.493242,127.254933,12,세종특별시
2026-06-15T11:05:08+09:00,GBIKE,130066,46.0,36.493262,127.249305,12,세종특별시
2026-06-15T11:05:08+09:00,GBIKE,131261,31.0,36.493294,127.252958,12,세종특별시
2026-06-15T11:05:08+09:00,GBIKE,130730,89.0,36.493339,127.304421,12,세종특별시
2026-06-15T11:05:08+09:00,GBIKE,131090,64.0,36.493378,127.249258,12,세종특별시
2026-06-15T11:05:08+09:00,GBIKE,130743,98.0,36.493382,127.246797,12,세종특별시
2026-06-15T11:05:08+09:00,GBIKE,501105,92.0,36.493389,127.249029,12,세종특별시
2026-06-15T11:05:08+09:00,GBIKE,131962,41.0,36.49339,127.245629,12,세종특별시
2026-06-15T11:05:08+09:00,GBIKE,501471,61.0,36.493623,127.250532,12,세종특별시
2026-06-15T11:05:08+09:00,GBIKE,130930,33.0,36.49365,127.256524,12,세종특별시
2026-06-15T11:05:08+09:00,GBIKE,131797,47.0,36.493768,127.256076,12,세종특별시
2026-06-15T11:05:08+09:00,GBIKE,131762,36.0,36.493829,127.256158,12,세종특별시
2026-06-15T11:05:08+09:00,GBIKE,501188,30.0,36.493855,127.248255,12,세종특별시
2026-06-15T11:05:08+09:00,GBIKE,131751,34.0,36.493872,127.248507,12,세종특별시
2026-06-15T11:05:08+09:00,GBIKE,131203,34.0,36.493892,127.241843,12,세종특별시
2026-06-15T11:05:08+09:00,GBIKE,130117,77.0,36.493896,127.262323,12,세종특별시
2026-06-15T11:05:08+09:00,GBIKE,131969,50.0,36.493908,127.256622,12,세종특별시
2026-06-15T11:05:08+09:00,GBIKE,131857,82.0,36.494024,127.248534,12,세종특별시
2026-06-15T11:05:08+09:00,GBIKE,501308,37.0,36.494059,127.261006,12,세종특별시
2026-06-15T11:05:08+09:00,GBIKE,131184,36.0,36.494119,127.241723,12,세종특별시
2026-06-15T11:05:08+09:00,GBIKE,131345,81.0,36.494152,127.241713,12,세종특별시
2026-06-15T11:05:08+09:00,GBIKE,130281,70.0,36.494161,127.305704,12,세종특별시
2026-06-15T11:05:08+09:00,GBIKE,131088,100.0,36.494276,127.256193,12,세종특별시
2026-06-15T11:05:08+09:00,GBIKE,131764,43.0,36.494277,127.25636,12,세종특별시
2026-06-15T11:05:08+09:00,GBIKE,130398,87.0,36.494321,127.253001,12,세종특별시
2026-06-15T11:05:08+09:00,GBIKE,131162,96.0,36.494322,127.248882,12,세종특별시
2026-06-15T11:05:08+09:00,GBIKE,130875,64.0,36.49438,127.25322,12,세종특별시
2026-06-15T11:05:08+09:00,GBIKE,131358,95.0,36.494388,127.30226,12,세종특별시
2026-06-15T11:05:08+09:00,GBIKE,131696,36.0,36.494392,127.253587,12,세종특별시
2026-06-15T11:05:08+09:00,GBIKE,130390,32.0,36.494401,127.248759,12,세종특별시
2026-06-15T11:05:08+09:00,GBIKE,130936,89.0,36.494422,127.248831,12,세종특별시
2026-06-15T11:05:08+09:00,GBIKE,131141,97.0,36.494504,127.256285,12,세종특별시
2026-06-15T11:05:08+09:00,GBIKE,130588,82.0,36.494573,127.24994,12,세종특별시
2026-06-15T11:05:08+09:00,GBIKE,130339,38.0,36.494577,127.256324,12,세종특별시
2026-06-15T11:05:08+09:00,GBIKE,501294,87.0,36.494592,127.256321,12,세종특별시
2026-06-15T11:05:08+09:00,GBIKE,130578,52.0,36.494601,127.256323,12,세종특별시
2026-06-15T11:05:08+09:00,GBIKE,131359,70.0,36.494609,127.256358,12,세종특별시
2026-06-15T11:05:08+09:00,GBIKE,131564,45.0,36.494624,127.256327,12,세종특별시
2026-06-15T11:05:08+09:00,GBIKE,131793,45.0,36.494629,127.256324,12,세종특별시
2026-06-15T11:05:08+09:00,GBIKE,131807,86.0,36.494645,127.256198,12,세종특별시
2026-06-15T11:05:08+09:00,GBIKE,130495,77.0,36.494676,127.25604,12,세종특별시
2026-06-15T11:05:08+09:00,GBIKE,501194,93.0,36.494677,127.240582,12,세종특별시
2026-06-15T11:05:08+09:00,GBIKE,130110,44.0,36.49468,127.256299,12,세종특별시
2026-06-15T11:05:08+09:00,GBIKE,131001,78.0,36.494682,127.254246,12,세종특별시
2026-06-15T11:05:08+09:00,GBIKE,131739,69.0,36.494683,127.25427,12,세종특별시
2026-06-15T11:05:08+09:00,GBIKE,130978,51.0,36.494687,127.256356,12,세종특별시
2026-06-15T11:05:08+09:00,GBIKE,130763,81.0,36.494689,127.249176,12,세종특별시
2026-06-15T11:05:08+09:00,GBIKE,131884,49.0,36.494698,127.255213,12,세종특별시
2026-06-15T11:05:08+09:00,GBIKE,130794,84.0,36.4947,127.25633,12,세종특별시
2026-06-15T11:05:08+09:00,GBIKE,131552,87.0,36.494702,127.254253,12,세종특별시
2026-06-15T11:05:08+09:00,GBIKE,501346,61.0,36.494733,127.247138,12,세종특별시
2026-06-15T11:05:08+09:00,GBIKE,130284,55.0,36.494736,127.257436,12,세종특별시
2026-06-15T11:05:08+09:00,GBIKE,130666,80.0,36.494751,127.257454,12,세종특별시
2026-06-15T11:05:08+09:00,GBIKE,130459,42.0,36.494757,127.240658,12,세종특별시
2026-06-15T11:05:08+09:00,GBIKE,131760,32.0,36.494759,127.25428,12,세종특별시
2026-06-15T11:05:08+09:00,GBIKE,501141,30.0,36.494781,127.257462,12,세종특별시
2026-06-15T11:05:08+09:00,GBIKE,131199,35.0,36.494828,127.2573,12,세종특별시
2026-06-15T11:05:08+09:00,GBIKE,501374,30.0,36.494878,127.256334,12,세종특별시
2026-06-15T11:05:08+09:00,GBIKE,130511,49.0,36.4949,127.240564,12,세종특별시
2026-06-15T11:05:08+09:00,GBIKE,501598,35.0,36.494925,127.302377,12,세종특별시
2026-06-15T11:05:08+09:00,GBIKE,501145,43.0,36.495037,127.255573,12,세종특별시
2026-06-15T11:05:08+09:00,GBIKE,130218,80.0,36.495089,127.24472,12,세종특별시
2026-06-15T11:05:08+09:00,GBIKE,131666,31.0,36.495109,127.248731,12,세종특별시
2026-06-15T11:05:08+09:00,GBIKE,130249,91.0,36.49514,127.244665,12,세종특별시
2026-06-15T11:05:08+09:00,GBIKE,501400,52.0,36.495146,127.253413,12,세종특별시
2026-06-15T11:05:08+09:00,GBIKE,131474,53.0,36.49517,127.303037,12,세종특별시
2026-06-15T11:05:08+09:00,GBIKE,131182,92.0,36.495235,127.209446,12,세종특별시
2026-06-15T11:05:08+09:00,GBIKE,131589,91.0,36.495244,127.253158,12,세종특별시
2026-06-15T11:05:08+09:00,GBIKE,131302,99.0,36.495254,127.256818,12,세종특별시
2026-06-15T11:05:08+09:00,GBIKE,130324,100.0,36.49531,127.256854,12,세종특별시
2026-06-15T11:05:08+09:00,GBIKE,501576,30.0,36.495334,127.306984,12,세종특별시
2026-06-15T11:05:08+09:00,GBIKE,131539,41.0,36.495354,127.252767,12,세종특별시
2026-06-15T11:05:08+09:00,GBIKE,501433,77.0,36.495403,127.264989,12,세종특별시
2026-06-15T11:05:08+09:00,GBIKE,130878,100.0,36.49545,127.257088,12,세종특별시
2026-06-15T11:05:08+09:00,GBIKE,501361,30.0,36.495466,127.31759,12,세종특별시
2026-06-15T11:05:08+09:00,GBIKE,131908,67.0,36.495559,127.240508,12,세종특별시
2026-06-15T11:05:08+09:00,GBIKE,130397,78.0,36.495592,127.256999,12,세종특별시
2026-06-15T11:05:08+09:00,GBIKE,131876,52.0,36.495626,127.257011,12,세종특별시
2026-06-15T11:05:08+09:00,GBIKE,130244,96.0,36.495644,127.256987,12,세종특별시
2026-06-15T11:05:08+09:00,GBIKE,131677,64.0,36.495644,127.25898,12,세종특별시
2026-06-15T11:05:08+09:00,GBIKE,131678,66.0,36.495653,127.249512,12,세종특별시
2026-06-15T11:05:08+09:00,GBIKE,130098,30.0,36.495674,127.248733,12,세종특별시
2026-06-15T11:05:08+09:00,GBIKE,131988,100.0,36.495712,127.303464,12,세종특별시
2026-06-15T11:05:08+09:00,GBIKE,501306,79.0,36.495723,127.249523,12,세종특별시
2026-06-15T11:05:08+09:00,GBIKE,130796,82.0,36.495724,127.244997,12,세종특별시
2026-06-15T11:05:08+09:00,GBIKE,501197,30.0,36.495749,127.256981,12,세종특별시
2026-06-15T11:05:08+09:00,GBIKE,131531,31.0,36.495773,127.249553,12,세종특별시
2026-06-15T11:05:08+09:00,GBIKE,131879,84.0,36.495785,127.24216,12,세종특별시
2026-06-15T11:05:08+09:00,GBIKE,130761,30.0,36.495827,127.266232,12,세종특별시
2026-06-15T11:05:08+09:00,GBIKE,501280,69.0,36.495849,127.258701,12,세종특별시
2026-06-15T11:05:08+09:00,GBIKE,131774,36.0,36.495852,127.258545,12,세종특별시
2026-06-15T11:05:08+09:00,GBIKE,131843,98.0,36.495917,127.262865,12,세종특별시
2026-06-15T11:05:08+09:00,GBIKE,501183,53.0,36.495919,127.250572,12,세종특별시
2026-06-15T11:05:08+09:00,GBIKE,131099,32.0,36.495924,127.250603,12,세종특별시
2026-06-15T11:05:08+09:00,GBIKE,130508,43.0,36.495934,127.238664,12,세종특별시
2026-06-15T11:05:08+09:00,GBIKE,501360,100.0,36.495935,127.243247,12,세종특별시
2026-06-15T11:05:08+09:00,GBIKE,131348,35.0,36.495939,127.243504,12,세종특별시
2026-06-15T11:05:08+09:00,GBIKE,130847,54.0,36.495943,127.238757,12,세종특별시
2026-06-15T11:05:08+09:00,GBIKE,130063,86.0,36.495946,127.238843,12,세종특별시
2026-06-15T11:05:08+09:00,GBIKE,131349,30.0,36.495952,127.238705,12,세종특별시
2026-06-15T11:05:08+09:00,GBIKE,131071,71.0,36.495966,127.238882,12,세종특별시
2026-06-15T11:05:08+09:00,GBIKE,501204,93.0,36.495977,127.238925,12,세종특별시
2026-06-15T11:05:08+09:00,GBIKE,131459,50.0,36.495984,127.238737,12,세종특별시
2026-06-15T11:05:08+09:00,GBIKE,130497,30.0,36.496062,127.239087,12,세종특별시
2026-06-15T11:05:08+09:00,GBIKE,501237,66.0,36.496139,127.239317,12,세종특별시
2026-06-15T11:05:08+09:00,GBIKE,130085,93.0,36.496146,127.264783,12,세종특별시
2026-06-15T11:05:08+09:00,GBIKE,501342,30.0,36.496154,127.246868,12,세종특별시
2026-06-15T11:05:08+09:00,GBIKE,131664,89.0,36.496226,127.240536,12,세종특별시
2026-06-15T11:05:08+09:00,GBIKE,501251,30.0,36.496234,127.304699,12,세종특별시
2026-06-15T11:05:08+09:00,GBIKE,130377,34.0,36.496263,127.244713,12,세종특별시
2026-06-15T11:05:08+09:00,GBIKE,130685,36.0,36.496302,127.264473,12,세종특별시
2026-06-15T11:05:08+09:00,GBIKE,130997,95.0,36.496359,127.238736,12,세종특별시
2026-06-15T11:05:08+09:00,GBIKE,131180,39.0,36.496577,127.263299,12,세종특별시
2026-06-15T11:05:08+09:00,GBIKE,130988,44.0,36.496695,127.303873,12,세종특별시
2026-06-15T11:05:08+09:00,GBIKE,131746,84.0,36.496752,127.263007,12,세종특별시
2026-06-15T11:05:08+09:00,GBIKE,130500,46.0,36.496759,127.263048,12,세종특별시
2026-06-15T11:05:08+09:00,GBIKE,130579,97.0,36.49683,127.256146,12,세종특별시
2026-06-15T11:05:08+09:00,GBIKE,501167,46.0,36.496838,127.256376,12,세종특별시
2026-06-15T11:05:08+09:00,GBIKE,501115,72.0,36.496864,127.256354,12,세종특별시
2026-06-15T11:05:08+09:00,GBIKE,130797,83.0,36.496867,127.256275,12,세종특별시
2026-06-15T11:05:08+09:00,GBIKE,131766,94.0,36.496944,127.256375,12,세종특별시
2026-06-15T11:05:08+09:00,GBIKE,501363,84.0,36.497017,127.256141,12,세종특별시
2026-06-15T11:05:08+09:00,GBIKE,130120,62.0,36.497056,127.256299,12,세종특별시
2026-06-15T11:05:08+09:00,GBIKE,131464,81.0,36.497077,127.244725,12,세종특별시
2026-06-15T11:05:08+09:00,GBIKE,130774,32.0,36.497096,127.258669,12,세종특별시
2026-06-15T11:05:08+09:00,GBIKE,131557,74.0,36.497166,127.240679,12,세종특별시
2026-06-15T11:05:08+09:00,GBIKE,501221,77.0,36.497234,127.265064,12,세종특별시
2026-06-15T11:05:08+09:00,GBIKE,501593,57.0,36.497367,127.253989,12,세종특별시
2026-06-15T11:05:08+09:00,GBIKE,131883,84.0,36.497388,127.317413,12,세종특별시
2026-06-15T11:05:08+09:00,GBIKE,130554,84.0,36.497419,127.255683,12,세종특별시
2026-06-15T11:05:08+09:00,GBIKE,501184,69.0,36.49749,127.25199,12,세종특별시
2026-06-15T11:05:08+09:00,GBIKE,501191,79.0,36.497496,127.261146,12,세종특별시
2026-06-15T11:05:08+09:00,GBIKE,130211,100.0,36.497505,127.256466,12,세종특별시
2026-06-15T11:05:08+09:00,GBIKE,130732,46.0,36.497515,127.257132,12,세종특별시
2026-06-15T11:05:08+09:00,GBIKE,131414,31.0,36.49753,127.312081,12,세종특별시
2026-06-15T11:05:08+09:00,GBIKE,131371,34.0,36.497571,127.257104,12,세종특별시
2026-06-15T11:05:08+09:00,GBIKE,130693,90.0,36.497596,127.257115,12,세종특별시
2026-06-15T11:05:08+09:00,GBIKE,130139,76.0,36.497618,127.25987,12,세종특별시
2026-06-15T11:05:08+09:00,GBIKE,130801,69.0,36.497618,127.314308,12,세종특별시
2026-06-15T11:05:08+09:00,GBIKE,131653,96.0,36.497642,127.259969,12,세종특별시
2026-06-15T11:05:08+09:00,GBIKE,131470,65.0,36.497663,127.255799,12,세종특별시
2026-06-15T11:05:08+09:00,GBIKE,131668,92.0,36.497663,127.260015,12,세종특별시
2026-06-15T11:05:08+09:00,GBIKE,131467,30.0,36.497703,127.255778,12,세종특별시
2026-06-15T11:05:08+09:00,GBIKE,130800,46.0,36.497717,127.235307,12,세종특별시
2026-06-15T11:05:08+09:00,GBIKE,130135,56.0,36.497722,127.23561,12,세종특별시
2026-06-15T11:05:08+09:00,GBIKE,131175,71.0,36.497726,127.330485,12,세종특별시
2026-06-15T11:05:08+09:00,GBIKE,131223,91.0,36.497802,127.25923,12,세종특별시
2026-06-15T11:05:08+09:00,GBIKE,131590,50.0,36.497802,127.243249,12,세종특별시
2026-06-15T11:05:08+09:00,GBIKE,130171,30.0,36.497821,127.311632,12,세종특별시
2026-06-15T11:05:08+09:00,GBIKE,130057,52.0,36.497923,127.233645,12,세종특별시
2026-06-15T11:05:08+09:00,GBIKE,131445,37.0,36.497967,127.24073,12,세종특별시
2026-06-15T11:05:08+09:00,GBIKE,130172,38.0,36.497976,127.244747,12,세종특별시
2026-06-15T11:05:08+09:00,GBIKE,131353,46.0,36.497989,127.330697,12,세종특별시
2026-06-15T11:05:08+09:00,GBIKE,130702,60.0,36.498044,127.241633,12,세종특별시
2026-06-15T11:05:08+09:00,GBIKE,501558,46.0,36.498071,127.26755,12,세종특별시
2026-06-15T11:05:08+09:00,GBIKE,131007,94.0,36.4981,127.311523,12,세종특별시
2026-06-15T11:05:08+09:00,GBIKE,501238,68.0,36.498101,127.267569,12,세종특별시
2026-06-15T11:05:08+09:00,GBIKE,501169,71.0,36.498102,127.28122,12,세종특별시
2026-06-15T11:05:08+09:00,GBIKE,130759,50.0,36.498198,127.261252,12,세종특별시
2026-06-15T11:05:08+09:00,GBIKE,131667,30.0,36.498208,127.245009,12,세종특별시
2026-06-15T11:05:08+09:00,GBIKE,130018,95.0,36.498335,127.257696,12,세종특별시
2026-06-15T11:05:08+09:00,GBIKE,130921,71.0,36.498342,127.223548,12,세종특별시
2026-06-15T11:05:08+09:00,GBIKE,131086,50.0,36.498353,127.312698,12,세종특별시
2026-06-15T11:05:08+09:00,GBIKE,131986,94.0,36.498365,127.312799,12,세종특별시
2026-06-15T11:05:08+09:00,GBIKE,130865,53.0,36.49837,127.257478,12,세종특별시
2026-06-15T11:05:08+09:00,GBIKE,130581,79.0,36.498436,127.265545,12,세종특별시
2026-06-15T11:05:08+09:00,GBIKE,130694,30.0,36.498473,127.308381,12,세종특별시
2026-06-15T11:05:08+09:00,GBIKE,130654,57.0,36.498494,127.26131,12,세종특별시
2026-06-15T11:05:08+09:00,GBIKE,130791,93.0,36.498553,127.244365,12,세종특별시
2026-06-15T11:05:08+09:00,GBIKE,501336,35.0,36.498595,127.258028,12,세종특별시
2026-06-15T11:05:08+09:00,GBIKE,131427,91.0,36.498597,127.258054,12,세종특별시
2026-06-15T11:05:08+09:00,GBIKE,501137,100.0,36.498669,127.306346,12,세종특별시
2026-06-15T11:05:08+09:00,GBIKE,130951,73.0,36.49869,127.261245,12,세종특별시
2026-06-15T11:05:08+09:00,GBIKE,131717,62.0,36.498713,127.232643,12,세종특별시
2026-06-15T11:05:08+09:00,GBIKE,501275,81.0,36.498722,127.31413,12,세종특별시
2026-06-15T11:05:08+09:00,GBIKE,130966,78.0,36.49878,127.258138,12,세종특별시
2026-06-15T11:05:08+09:00,GBIKE,501405,71.0,36.498848,127.331844,12,세종특별시
2026-06-15T11:05:08+09:00,GBIKE,336891,44.0,36.498906,127.249625,12,세종특별시
2026-06-15T11:05:08+09:00,GBIKE,131595,33.0,36.498938,127.261514,12,세종특별시
2026-06-15T11:05:08+09:00,GBIKE,130095,99.0,36.498978,127.256679,12,세종특별시
2026-06-15T11:05:08+09:00,GBIKE,131343,57.0,36.498997,127.256022,12,세종특별시
2026-06-15T11:05:08+09:00,GBIKE,131439,72.0,36.499076,127.255906,12,세종특별시
2026-06-15T11:05:08+09:00,GBIKE,501530,71.0,36.499115,127.240786,12,세종특별시
2026-06-15T11:05:08+09:00,GBIKE,131765,43.0,36.499115,127.325757,12,세종특별시
2026-06-15T11:05:08+09:00,GBIKE,501548,42.0,36.499119,127.331903,12,세종특별시
2026-06-15T11:05:08+09:00,GBIKE,130814,94.0,36.499119,127.236075,12,세종특별시
2026-06-15T11:05:08+09:00,GBIKE,616900,56.0,36.499131,127.307605,12,세종특별시
2026-06-15T11:05:08+09:00,GBIKE,501260,65.0,36.499136,127.27006,12,세종특별시
2026-06-15T11:05:08+09:00,GBIKE,501503,94.0,36.499165,127.27013,12,세종특별시
2026-06-15T11:05:08+09:00,GBIKE,131851,48.0,36.499189,127.30762,12,세종특별시
2026-06-15T11:05:08+09:00,GBIKE,501417,82.0,36.499194,127.255804,12,세종특별시
2026-06-15T11:05:08+09:00,GBIKE,130891,57.0,36.499201,127.255008,12,세종특별시
2026-06-15T11:05:08+09:00,GBIKE,131433,72.0,36.499263,127.256089,12,세종특별시
2026-06-15T11:05:08+09:00,GBIKE,130537,30.0,36.499305,127.258548,12,세종특별시
2026-06-15T11:05:08+09:00,GBIKE,130347,96.0,36.499322,127.316993,12,세종특별시
2026-06-15T11:05:08+09:00,GBIKE,131370,36.0,36.499331,127.259627,12,세종특별시
2026-06-15T11:05:08+09:00,GBIKE,130640,43.0,36.499362,127.25967,12,세종특별시
2026-06-15T11:05:08+09:00,GBIKE,130746,33.0,36.499423,127.335911,12,세종특별시
2026-06-15T11:05:08+09:00,GBIKE,131118,61.0,36.499449,127.219208,12,세종특별시
2026-06-15T11:05:08+09:00,GBIKE,131532,51.0,36.499465,127.25906,12,세종특별시
2026-06-15T11:05:08+09:00,GBIKE,130435,48.0,36.49947,127.232533,12,세종특별시
2026-06-15T11:05:08+09:00,GBIKE,131890,84.0,36.499487,127.259114,12,세종특별시
2026-06-15T11:05:08+09:00,GBIKE,131808,49.0,36.499492,127.269612,12,세종특별시
2026-06-15T11:05:08+09:00,GBIKE,131971,95.0,36.499497,127.259098,12,세종특별시
2026-06-15T11:05:08+09:00,GBIKE,501428,73.0,36.499504,127.259147,12,세종특별시
2026-06-15T11:05:08+09:00,GBIKE,131340,43.0,36.49951,127.259221,12,세종특별시
2026-06-15T11:05:08+09:00,GBIKE,130454,49.0,36.499511,127.259142,12,세종특별시
2026-06-15T11:05:08+09:00,GBIKE,130164,30.0,36.499517,127.247085,12,세종특별시
2026-06-15T11:05:08+09:00,GBIKE,374246,30.0,36.499555,127.240646,12,세종특별시
2026-06-15T11:05:08+09:00,GBIKE,131545,31.0,36.499571,127.221001,12,세종특별시
2026-06-15T11:05:08+09:00,GBIKE,130706,67.0,36.499612,127.312586,12,세종특별시
2026-06-15T11:05:08+09:00,GBIKE,131687,65.0,36.499775,127.231946,12,세종특별시
2026-06-15T11:05:08+09:00,GBIKE,130236,36.0,36.499803,127.259157,12,세종특별시
2026-06-15T11:05:08+09:00,GBIKE,130125,99.0,36.499882,127.232101,12,세종특별시
2026-06-15T11:05:08+09:00,GBIKE,131487,81.0,36.499896,127.220624,12,세종특별시
2026-06-15T11:05:08+09:00,GBIKE,130270,53.0,36.49995,127.23215,12,세종특별시
2026-06-15T11:05:08+09:00,GBIKE,131681,32.0,36.499968,127.312463,12,세종특별시
2026-06-15T11:05:08+09:00,GBIKE,131632,46.0,36.499977,127.256465,12,세종특별시
2026-06-15T11:05:08+09:00,GBIKE,131125,55.0,36.499984,127.256355,12,세종특별시
2026-06-15T11:05:08+09:00,GBIKE,130943,54.0,36.499988,127.25636,12,세종특별시
2026-06-15T11:05:08+09:00,GBIKE,501311,74.0,36.499994,127.25592,12,세종특별시
2026-06-15T11:05:08+09:00,GBIKE,501441,57.0,36.500026,127.264306,12,세종특별시
2026-06-15T11:05:08+09:00,GBIKE,131024,95.0,36.500039,127.234741,12,세종특별시
2026-06-15T11:05:08+09:00,GBIKE,337807,51.0,36.500041,127.235431,12,세종특별시
2026-06-15T11:05:08+09:00,GBIKE,131974,78.0,36.500045,127.235476,12,세종특별시
2026-06-15T11:05:08+09:00,GBIKE,130964,66.0,36.500048,127.260265,12,세종특별시
2026-06-15T11:05:08+09:00,GBIKE,131874,95.0,36.500048,127.235545,12,세종특별시
2026-06-15T11:05:08+09:00,GBIKE,131932,73.0,36.500049,127.235636,12,세종특별시
2026-06-15T11:05:08+09:00,GBIKE,130816,95.0,36.500051,127.23557,12,세종특별시
2026-06-15T11:05:08+09:00,GBIKE,131399,47.0,36.500052,127.235561,12,세종특별시
2026-06-15T11:05:08+09:00,GBIKE,131146,95.0,36.500054,127.235591,12,세종특별시
2026-06-15T11:05:08+09:00,GBIKE,130376,63.0,36.500068,127.235466,12,세종특별시
2026-06-15T11:05:08+09:00,GBIKE,501228,55.0,36.500068,127.235507,12,세종특별시
2026-06-15T11:05:08+09:00,GBIKE,130148,99.0,36.500071,127.23565,12,세종특별시
2026-06-15T11:05:08+09:00,GBIKE,130713,85.0,36.500071,127.235596,12,세종특별시
2026-06-15T11:05:08+09:00,GBIKE,130908,84.0,36.500074,127.260294,12,세종특별시
2026-06-15T11:05:08+09:00,GBIKE,501368,43.0,36.500076,127.282343,12,세종특별시
2026-06-15T11:05:08+09:00,GBIKE,131991,30.0,36.50009,127.256354,12,세종특별시
2026-06-15T11:05:08+09:00,GBIKE,131219,94.0,36.500093,127.236007,12,세종특별시
2026-06-15T11:05:08+09:00,GBIKE,501107,98.0,36.500107,127.235495,12,세종특별시
2026-06-15T11:05:08+09:00,GBIKE,130712,100.0,36.500136,127.236051,12,세종특별시
2026-06-15T11:05:08+09:00,GBIKE,130155,70.0,36.500142,127.256148,12,세종특별시
2026-06-15T11:05:08+09:00,GBIKE,130926,30.0,36.500142,127.331335,12,세종특별시
2026-06-15T11:05:08+09:00,GBIKE,130528,85.0,36.500147,127.235568,12,세종특별시
2026-06-15T11:05:08+09:00,GBIKE,130959,79.0,36.500164,127.267728,12,세종특별시
2026-06-15T11:05:08+09:00,GBIKE,130490,55.0,36.500204,127.236052,12,세종특별시
2026-06-15T11:05:08+09:00,GBIKE,130327,39.0,36.500248,127.251944,12,세종특별시
2026-06-15T11:05:08+09:00,GBIKE,131334,95.0,36.500276,127.236053,12,세종특별시
2026-06-15T11:05:08+09:00,GBIKE,131493,50.0,36.500277,127.236072,12,세종특별시
2026-06-15T11:05:08+09:00,GBIKE,131920,30.0,36.500284,127.332655,12,세종특별시
2026-06-15T11:05:08+09:00,GBIKE,130303,100.0,36.500291,127.236041,12,세종특별시
2026-06-15T11:05:08+09:00,GBIKE,130217,59.0,36.500351,127.236251,12,세종특별시
2026-06-15T11:05:08+09:00,GBIKE,131518,66.0,36.500356,127.262147,12,세종특별시
2026-06-15T11:05:08+09:00,GBIKE,131943,65.0,36.500365,127.236302,12,세종특별시
2026-06-15T11:05:08+09:00,GBIKE,130129,33.0,36.5004,127.332333,12,세종특별시
2026-06-15T11:05:08+09:00,GBIKE,130504,31.0,36.500483,127.263276,12,세종특별시
2026-06-15T11:05:08+09:00,GBIKE,131365,94.0,36.500499,127.259146,12,세종특별시
2026-06-15T11:05:08+09:00,GBIKE,501421,75.0,36.500509,127.309798,12,세종특별시
2026-06-15T11:05:08+09:00,GBIKE,501397,100.0,36.500525,127.316245,12,세종특별시
2026-06-15T11:05:08+09:00,GBIKE,131832,30.0,36.500527,127.315829,12,세종특별시
2026-06-15T11:05:08+09:00,GBIKE,130611,43.0,36.500631,127.257902,12,세종특별시
2026-06-15T11:05:08+09:00,GBIKE,501528,100.0,36.500632,127.25788,12,세종특별시
2026-06-15T11:05:08+09:00,GBIKE,131624,46.0,36.500639,127.257942,12,세종특별시
2026-06-15T11:05:08+09:00,GBIKE,131111,92.0,36.500645,127.261257,12,세종특별시
2026-06-15T11:05:08+09:00,GBIKE,131804,35.0,36.500654,127.257835,12,세종특별시
2026-06-15T11:05:08+09:00,GBIKE,131287,68.0,36.500671,127.2607,12,세종특별시
2026-06-15T11:05:08+09:00,GBIKE,130523,82.0,36.5007,127.260675,12,세종특별시
2026-06-15T11:05:08+09:00,GBIKE,130191,100.0,36.500729,127.257856,12,세종특별시
2026-06-15T11:05:08+09:00,GBIKE,130183,74.0,36.500738,127.260569,12,세종특별시
2026-06-15T11:05:08+09:00,GBIKE,130955,84.0,36.500738,127.257644,12,세종특별시
2026-06-15T11:05:08+09:00,GBIKE,130639,72.0,36.500742,127.259839,12,세종특별시
2026-06-15T11:05:08+09:00,GBIKE,130109,97.0,36.500856,127.258137,12,세종특별시
2026-06-15T11:05:08+09:00,GBIKE,501291,80.0,36.50088,127.257408,12,세종특별시
2026-06-15T11:05:08+09:00,GBIKE,130086,42.0,36.500888,127.22199,12,세종특별시
2026-06-15T11:05:08+09:00,GBIKE,130301,74.0,36.5009,127.258411,12,세종특별시
2026-06-15T11:05:08+09:00,GBIKE,131455,53.0,36.500902,127.332791,12,세종특별시
2026-06-15T11:05:08+09:00,GBIKE,130821,94.0,36.500917,127.259402,12,세종특별시
2026-06-15T11:05:08+09:00,GBIKE,501453,60.0,36.500926,127.257245,12,세종특별시
2026-06-15T11:05:08+09:00,GBIKE,130443,46.0,36.500942,127.259391,12,세종특별시
2026-06-15T11:05:08+09:00,GBIKE,501133,76.0,36.500955,127.2594,12,세종특별시
2026-06-15T11:05:08+09:00,GBIKE,130776,79.0,36.50098,127.2594,12,세종특별시
2026-06-15T11:05:08+09:00,GBIKE,130359,95.0,36.500997,127.257877,12,세종특별시
2026-06-15T11:05:08+09:00,GBIKE,501212,30.0,36.501015,127.308403,12,세종특별시
2026-06-15T11:05:08+09:00,GBIKE,130029,58.0,36.501019,127.259823,12,세종특별시
2026-06-15T11:05:08+09:00,GBIKE,131683,32.0,36.501025,127.327204,12,세종특별시
2026-06-15T11:05:08+09:00,GBIKE,130041,36.0,36.501037,127.2595,12,세종특별시
2026-06-15T11:05:08+09:00,GBIKE,131663,54.0,36.501041,127.259393,12,세종특별시
2026-06-15T11:05:08+09:00,GBIKE,131097,85.0,36.501048,127.259412,12,세종특별시
2026-06-15T11:05:08+09:00,GBIKE,131226,90.0,36.501049,127.259396,12,세종특별시
2026-06-15T11:05:08+09:00,GBIKE,130662,61.0,36.501071,127.259473,12,세종특별시
2026-06-15T11:05:08+09:00,GBIKE,130752,42.0,36.501077,127.311142,12,세종특별시
2026-06-15T11:05:08+09:00,GBIKE,130809,31.0,36.501099,127.259451,12,세종특별시
2026-06-15T11:05:08+09:00,GBIKE,131705,67.0,36.501101,127.259497,12,세종특별시
2026-06-15T11:05:08+09:00,GBIKE,501202,31.0,36.501101,127.311109,12,세종특별시
2026-06-15T11:05:08+09:00,GBIKE,501515,92.0,36.501104,127.264258,12,세종특별시
2026-06-15T11:05:08+09:00,GBIKE,131102,40.0,36.501119,127.259437,12,세종특별시
2026-06-15T11:05:08+09:00,GBIKE,131338,36.0,36.501127,127.259305,12,세종특별시
2026-06-15T11:05:08+09:00,GBIKE,131865,34.0,36.501136,127.259486,12,세종특별시
2026-06-15T11:05:08+09:00,GBIKE,131755,78.0,36.501138,127.249845,12,세종특별시
2026-06-15T11:05:08+09:00,GBIKE,501198,64.0,36.501144,127.280314,12,세종특별시
2026-06-15T11:05:08+09:00,GBIKE,130436,80.0,36.50126,127.313779,12,세종특별시
2026-06-15T11:05:08+09:00,GBIKE,131094,41.0,36.501265,127.259288,12,세종특별시
2026-06-15T11:05:08+09:00,GBIKE,131684,43.0,36.5013,127.259314,12,세종특별시
2026-06-15T11:05:08+09:00,GBIKE,501457,42.0,36.501304,127.24492,12,세종특별시
2026-06-15T11:05:08+09:00,GBIKE,130220,74.0,36.501379,127.268869,12,세종특별시
2026-06-15T11:05:08+09:00,GBIKE,131154,58.0,36.501443,127.264039,12,세종특별시
2026-06-15T11:05:08+09:00,GBIKE,131009,36.0,36.501448,127.246,12,세종특별시
2026-06-15T11:05:08+09:00,GBIKE,131069,36.0,36.50147,127.253129,12,세종특별시
2026-06-15T11:05:08+09:00,GBIKE,131444,82.0,36.501476,127.259829,12,세종특별시
2026-06-15T11:05:08+09:00,GBIKE,131187,80.0,36.501488,127.263876,12,세종특별시
2026-06-15T11:05:08+09:00,GBIKE,131155,71.0,36.50149,127.263902,12,세종특별시
2026-06-15T11:05:08+09:00,GBIKE,131885,54.0,36.501548,127.263762,12,세종특별시
2026-06-15T11:05:08+09:00,GBIKE,130839,60.0,36.501558,127.249433,12,세종특별시
2026-06-15T11:05:08+09:00,GBIKE,130421,89.0,36.501564,127.249479,12,세종특별시
2026-06-15T11:05:08+09:00,GBIKE,131669,73.0,36.501566,127.329114,12,세종특별시
2026-06-15T11:05:08+09:00,GBIKE,130455,40.0,36.501568,127.259705,12,세종특별시
2026-06-15T11:05:08+09:00,GBIKE,130146,32.0,36.501569,127.259188,12,세종특별시
2026-06-15T11:05:08+09:00,GBIKE,131076,39.0,36.501569,127.259714,12,세종특별시
2026-06-15T11:05:08+09:00,GBIKE,131000,70.0,36.50159,127.259725,12,세종특별시
2026-06-15T11:05:08+09:00,GBIKE,130984,44.0,36.501592,127.259673,12,세종특별시
2026-06-15T11:05:08+09:00,GBIKE,501480,100.0,36.501607,127.258605,12,세종특별시
2026-06-15T11:05:08+09:00,GBIKE,130062,47.0,36.501621,127.252654,12,세종특별시
2026-06-15T11:05:08+09:00,GBIKE,130942,59.0,36.501622,127.259801,12,세종특별시
2026-06-15T11:05:08+09:00,GBIKE,130833,37.0,36.501631,127.259778,12,세종특별시
2026-06-15T11:05:08+09:00,GBIKE,131944,77.0,36.501633,127.259684,12,세종특별시
2026-06-15T11:05:08+09:00,GBIKE,131522,73.0,36.501642,127.259748,12,세종특별시
2026-06-15T11:05:08+09:00,GBIKE,131473,46.0,36.501687,127.258763,12,세종특별시
2026-06-15T11:05:08+09:00,GBIKE,131169,63.0,36.501692,127.236107,12,세종특별시
2026-06-15T11:05:08+09:00,GBIKE,130841,95.0,36.501712,127.263382,12,세종특별시
2026-06-15T11:05:08+09:00,GBIKE,130315,33.0,36.501719,127.329235,12,세종특별시
2026-06-15T11:05:08+09:00,GBIKE,131967,63.0,36.501722,127.235977,12,세종특별시
2026-06-15T11:05:08+09:00,GBIKE,131417,54.0,36.501738,127.236088,12,세종특별시
2026-06-15T11:05:08+09:00,GBIKE,131748,100.0,36.501739,127.23636,12,세종특별시
2026-06-15T11:05:08+09:00,GBIKE,501290,100.0,36.501743,127.265852,12,세종특별시
2026-06-15T11:05:08+09:00,GBIKE,131512,55.0,36.50175,127.259769,12,세종특별시
2026-06-15T11:05:08+09:00,GBIKE,131497,57.0,36.501752,127.258692,12,세종특별시
2026-06-15T11:05:08+09:00,GBIKE,131528,35.0,36.501776,127.326223,12,세종특별시
2026-06-15T11:05:08+09:00,GBIKE,501575,100.0,36.501797,127.258737,12,세종특별시
2026-06-15T11:05:08+09:00,GBIKE,130551,37.0,36.501834,127.250873,12,세종특별시
2026-06-15T11:05:08+09:00,GBIKE,130233,96.0,36.501836,127.25082,12,세종특별시
2026-06-15T11:05:08+09:00,GBIKE,131688,68.0,36.501839,127.235582,12,세종특별시
2026-06-15T11:05:08+09:00,GBIKE,130705,31.0,36.501864,127.248102,12,세종특별시
2026-06-15T11:05:08+09:00,GBIKE,131135,84.0,36.501865,127.250786,12,세종특별시
2026-06-15T11:05:08+09:00,GBIKE,130321,95.0,36.501868,127.250794,12,세종특별시
2026-06-15T11:05:08+09:00,GBIKE,131137,61.0,36.501874,127.25077,12,세종특별시
2026-06-15T11:05:08+09:00,GBIKE,131363,73.0,36.501876,127.250806,12,세종특별시
2026-06-15T11:05:08+09:00,GBIKE,131648,67.0,36.501876,127.250842,12,세종특별시
2026-06-15T11:05:08+09:00,GBIKE,131630,100.0,36.501884,127.250764,12,세종특별시
2026-06-15T11:05:08+09:00,GBIKE,131290,94.0,36.501891,127.234241,12,세종특별시
2026-06-15T11:05:08+09:00,GBIKE,130059,45.0,36.501897,127.250777,12,세종특별시
2026-06-15T11:05:08+09:00,GBIKE,131622,58.0,36.501898,127.250773,12,세종특별시
2026-06-15T11:05:08+09:00,GBIKE,130240,76.0,36.501903,127.250769,12,세종특별시
2026-06-15T11:05:08+09:00,GBIKE,131380,92.0,36.501922,127.250164,12,세종특별시
2026-06-15T11:05:08+09:00,GBIKE,130748,70.0,36.501933,127.250177,12,세종특별시
2026-06-15T11:05:08+09:00,GBIKE,131488,87.0,36.501937,127.250189,12,세종특별시
2026-06-15T11:05:08+09:00,GBIKE,501596,40.0,36.501956,127.248265,12,세종특별시
2026-06-15T11:05:08+09:00,GBIKE,501545,98.0,36.501969,127.236112,12,세종특별시
2026-06-15T11:05:08+09:00,GBIKE,501572,92.0,36.50197,127.250239,12,세종특별시
2026-06-15T11:05:08+09:00,GBIKE,130410,32.0,36.501977,127.248157,12,세종특별시
2026-06-15T11:05:08+09:00,GBIKE,131810,96.0,36.501983,127.234321,12,세종특별시
2026-06-15T11:05:08+09:00,GBIKE,130486,100.0,36.501995,127.234267,12,세종특별시
2026-06-15T11:05:08+09:00,GBIKE,130851,96.0,36.502015,127.234322,12,세종특별시
2026-06-15T11:05:08+09:00,GBIKE,131970,100.0,36.502024,127.235054,12,세종특별시
2026-06-15T11:05:08+09:00,GBIKE,501436,55.0,36.502038,127.262212,12,세종특별시
2026-06-15T11:05:08+09:00,GBIKE,130707,98.0,36.502043,127.234305,12,세종특별시
2026-06-15T11:05:08+09:00,GBIKE,130737,64.0,36.502071,127.264776,12,세종특별시
2026-06-15T11:05:08+09:00,GBIKE,501382,67.0,36.502098,127.251261,12,세종특별시
2026-06-15T11:05:08+09:00,GBIKE,131304,68.0,36.502154,127.248755,12,세종특별시
2026-06-15T11:05:08+09:00,GBIKE,501153,99.0,36.502171,127.247272,12,세종특별시
2026-06-15T11:05:08+09:00,GBIKE,501340,60.0,36.502184,127.247308,12,세종특별시
2026-06-15T11:05:08+09:00,GBIKE,130973,84.0,36.502188,127.260562,12,세종특별시
2026-06-15T11:05:08+09:00,GBIKE,501479,77.0,36.502201,127.261116,12,세종특별시
2026-06-15T11:05:08+09:00,GBIKE,501581,49.0,36.502213,127.24886,12,세종특별시
2026-06-15T11:05:08+09:00,GBIKE,629253,45.0,36.502214,127.248912,12,세종특별시
2026-06-15T11:05:08+09:00,GBIKE,130808,74.0,36.502233,127.248812,12,세종특별시
2026-06-15T11:05:08+09:00,GBIKE,131782,60.0,36.502269,127.240728,12,세종특별시
2026-06-15T11:05:08+09:00,GBIKE,501542,71.0,36.502271,127.248944,12,세종특별시
2026-06-15T11:05:08+09:00,GBIKE,501163,52.0,36.502271,127.260607,12,세종특별시
2026-06-15T11:05:08+09:00,GBIKE,130817,95.0,36.502272,127.249094,12,세종특별시
2026-06-15T11:05:08+09:00,GBIKE,130386,70.0,36.502274,127.260598,12,세종특별시
2026-06-15T11:05:08+09:00,GBIKE,130594,98.0,36.502274,127.249097,12,세종특별시
2026-06-15T11:05:08+09:00,GBIKE,130361,92.0,36.502275,127.260592,12,세종특별시
2026-06-15T11:05:08+09:00,GBIKE,130134,62.0,36.502281,127.249073,12,세종특별시
2026-06-15T11:05:08+09:00,GBIKE,130414,80.0,36.502284,127.249074,12,세종특별시
2026-06-15T11:05:08+09:00,GBIKE,130379,47.0,36.502285,127.248929,12,세종특별시
2026-06-15T11:05:08+09:00,GBIKE,501253,78.0,36.502287,127.260589,12,세종특별시
2026-06-15T11:05:08+09:00,GBIKE,131640,35.0,36.502309,127.249018,12,세종특별시
2026-06-15T11:05:08+09:00,GBIKE,130642,48.0,36.502311,127.24901,12,세종특별시
2026-06-15T11:05:08+09:00,GBIKE,131734,100.0,36.502311,127.249049,12,세종특별시
2026-06-15T11:05:08+09:00,GBIKE,131892,61.0,36.502316,127.249048,12,세종특별시
2026-06-15T11:05:08+09:00,GBIKE,131968,77.0,36.502342,127.248893,12,세종특별시
2026-06-15T11:05:08+09:00,GBIKE,130917,95.0,36.502348,127.250288,12,세종특별시
2026-06-15T11:05:08+09:00,GBIKE,131783,94.0,36.502357,127.248967,12,세종특별시
2026-06-15T11:05:08+09:00,GBIKE,501592,43.0,36.502487,127.239766,12,세종특별시
2026-06-15T11:05:08+09:00,GBIKE,501465,86.0,36.502504,127.266207,12,세종특별시
2026-06-15T11:05:08+09:00,GBIKE,501356,87.0,36.502512,127.249248,12,세종특별시
2026-06-15T11:05:08+09:00,GBIKE,501241,90.0,36.502546,127.248873,12,세종특별시
2026-06-15T11:05:08+09:00,GBIKE,131243,79.0,36.502553,127.238205,12,세종특별시
2026-06-15T11:05:08+09:00,GBIKE,130969,76.0,36.502611,127.333872,12,세종특별시
2026-06-15T11:05:08+09:00,GBIKE,130933,59.0,36.502624,127.238085,12,세종특별시
2026-06-15T11:05:08+09:00,GBIKE,501337,93.0,36.502646,127.238038,12,세종특별시
2026-06-15T11:05:08+09:00,GBIKE,131297,67.0,36.502663,127.257202,12,세종특별시
2026-06-15T11:05:08+09:00,GBIKE,131119,100.0,36.502705,127.333053,12,세종특별시
2026-06-15T11:05:08+09:00,GBIKE,501278,47.0,36.502717,127.263637,12,세종특별시
2026-06-15T11:05:08+09:00,GBIKE,130831,73.0,36.502719,127.263652,12,세종특별시
2026-06-15T11:05:08+09:00,GBIKE,130299,76.0,36.502735,127.263638,12,세종특별시
2026-06-15T11:05:08+09:00,GBIKE,131329,85.0,36.502744,127.263635,12,세종특별시
2026-06-15T11:05:08+09:00,GBIKE,131505,86.0,36.502745,127.263642,12,세종특별시
2026-06-15T11:05:08+09:00,GBIKE,130954,49.0,36.50278,127.263626,12,세종특별시
2026-06-15T11:05:08+09:00,GBIKE,130613,93.0,36.50286,127.240242,12,세종특별시
2026-06-15T11:05:08+09:00,GBIKE,131491,82.0,36.502868,127.232593,12,세종특별시
2026-06-15T11:05:08+09:00,GBIKE,131894,63.0,36.502956,127.232609,12,세종특별시
2026-06-15T11:05:08+09:00,GBIKE,131597,81.0,36.502963,127.237059,12,세종특별시
2026-06-15T11:05:08+09:00,GBIKE,130672,53.0,36.503011,127.232785,12,세종특별시
2026-06-15T11:05:08+09:00,GBIKE,131177,50.0,36.503015,127.247882,12,세종특별시
2026-06-15T11:05:08+09:00,GBIKE,131267,32.0,36.503028,127.334484,12,세종특별시
2026-06-15T11:05:08+09:00,GBIKE,130368,30.0,36.503035,127.334521,12,세종특별시
2026-06-15T11:05:08+09:00,GBIKE,131176,73.0,36.503123,127.275475,12,세종특별시
2026-06-15T11:05:08+09:00,GBIKE,131448,76.0,36.503142,127.266382,12,세종특별시
2026-06-15T11:05:08+09:00,GBIKE,130042,65.0,36.503169,127.335099,12,세종특별시
2026-06-15T11:05:08+09:00,GBIKE,131418,34.0,36.503193,127.246316,12,세종특별시
2026-06-15T11:05:08+09:00,GBIKE,131875,90.0,36.503213,127.33511,12,세종특별시
2026-06-15T11:05:08+09:00,GBIKE,501485,38.0,36.503223,127.265332,12,세종특별시
2026-06-15T11:05:08+09:00,GBIKE,130223,77.0,36.503225,127.26531,12,세종특별시
2026-06-15T11:05:08+09:00,GBIKE,131315,42.0,36.50323,127.335044,12,세종특별시
2026-06-15T11:05:08+09:00,GBIKE,501476,30.0,36.503233,127.335051,12,세종특별시
2026-06-15T11:05:08+09:00,GBIKE,501456,86.0,36.503234,127.335007,12,세종특별시
2026-06-15T11:05:08+09:00,GBIKE,130489,36.0,36.503243,127.33507,12,세종특별시
2026-06-15T11:05:08+09:00,GBIKE,130538,94.0,36.50325,127.232916,12,세종특별시
2026-06-15T11:05:08+09:00,GBIKE,130527,92.0,36.503254,127.265333,12,세종특별시
2026-06-15T11:05:08+09:00,GBIKE,130993,100.0,36.503258,127.334712,12,세종특별시
2026-06-15T11:05:08+09:00,GBIKE,130306,87.0,36.503327,127.240977,12,세종특별시
2026-06-15T11:05:08+09:00,GBIKE,501386,39.0,36.503328,127.250244,12,세종특별시
2026-06-15T11:05:08+09:00,GBIKE,130241,90.0,36.503364,127.250039,12,세종특별시
2026-06-15T11:05:08+09:00,GBIKE,131107,67.0,36.503364,127.249966,12,세종특별시
2026-06-15T11:05:08+09:00,GBIKE,131492,82.0,36.503379,127.250004,12,세종특별시
2026-06-15T11:05:08+09:00,GBIKE,130607,86.0,36.503381,127.260976,12,세종특별시
2026-06-15T11:05:08+09:00,GBIKE,131490,50.0,36.503387,127.26567,12,세종특별시
2026-06-15T11:05:08+09:00,GBIKE,130547,60.0,36.50339,127.257045,12,세종특별시
2026-06-15T11:05:08+09:00,GBIKE,131377,46.0,36.503392,127.26095,12,세종특별시
2026-06-15T11:05:08+09:00,GBIKE,131262,62.0,36.503407,127.265946,12,세종특별시
2026-06-15T11:05:08+09:00,GBIKE,131794,37.0,36.503455,127.334429,12,세종특별시
2026-06-15T11:05:08+09:00,GBIKE,131950,84.0,36.503504,127.249605,12,세종특별시
2026-06-15T11:05:08+09:00,GBIKE,130501,82.0,36.503571,127.269667,12,세종특별시
2026-06-15T11:05:08+09:00,GBIKE,131661,70.0,36.503581,127.256923,12,세종특별시
2026-06-15T11:05:08+09:00,GBIKE,131959,57.0,36.503607,127.244872,12,세종특별시
2026-06-15T11:05:08+09:00,GBIKE,130615,81.0,36.503636,127.249473,12,세종특별시
2026-06-15T11:05:08+09:00,GBIKE,130037,38.0,36.503647,127.241246,12,세종특별시
2026-06-15T11:05:08+09:00,GBIKE,501352,97.0,36.503658,127.264183,12,세종특별시
2026-06-15T11:05:08+09:00,GBIKE,131330,62.0,36.503768,127.250026,12,세종특별시
2026-06-15T11:05:08+09:00,GBIKE,130883,76.0,36.503772,127.261246,12,세종특별시
2026-06-15T11:05:08+09:00,GBIKE,130342,60.0,36.503789,127.261273,12,세종특별시
2026-06-15T11:05:08+09:00,GBIKE,130250,82.0,36.503813,127.261241,12,세종특별시
2026-06-15T11:05:08+09:00,GBIKE,130509,81.0,36.503821,127.261251,12,세종특별시
2026-06-15T11:05:08+09:00,GBIKE,131277,72.0,36.503852,127.263739,12,세종특별시
2026-06-15T11:05:08+09:00,GBIKE,501318,63.0,36.503867,127.261172,12,세종특별시
2026-06-15T11:05:08+09:00,GBIKE,130534,32.0,36.503877,127.261321,12,세종특별시
2026-06-15T11:05:08+09:00,GBIKE,501446,66.0,36.503917,127.261214,12,세종특별시
2026-06-15T11:05:08+09:00,GBIKE,130664,31.0,36.503924,127.250274,12,세종특별시
2026-06-15T11:05:08+09:00,GBIKE,131366,32.0,36.50393,127.261231,12,세종특별시
2026-06-15T11:05:08+09:00,GBIKE,501235,84.0,36.503938,127.261237,12,세종특별시
2026-06-15T11:05:08+09:00,GBIKE,131313,68.0,36.503946,127.271753,12,세종특별시
2026-06-15T11:05:08+09:00,GBIKE,130770,33.0,36.503962,127.241284,12,세종특별시
2026-06-15T11:05:08+09:00,GBIKE,131934,41.0,36.503977,127.234895,12,세종특별시
2026-06-15T11:05:08+09:00,GBIKE,130941,59.0,36.504022,127.260825,12,세종특별시
2026-06-15T11:05:08+09:00,GBIKE,131064,95.0,36.504029,127.235365,12,세종특별시
2026-06-15T11:05:08+09:00,GBIKE,130192,50.0,36.504031,127.235199,12,세종특별시
2026-06-15T11:05:08+09:00,GBIKE,131004,69.0,36.504031,127.263635,12,세종특별시
2026-06-15T11:05:08+09:00,GBIKE,130096,77.0,36.504077,127.271069,12,세종특별시
2026-06-15T11:05:08+09:00,GBIKE,130825,96.0,36.504083,127.270511,12,세종특별시
2026-06-15T11:05:08+09:00,GBIKE,130735,84.0,36.504093,127.245256,12,세종특별시
2026-06-15T11:05:08+09:00,GBIKE,342605,33.0,36.504121,127.235255,12,세종특별시
2026-06-15T11:05:08+09:00,GBIKE,501477,41.0,36.50414,127.244942,12,세종특별시
2026-06-15T11:05:08+09:00,GBIKE,131925,87.0,36.504148,127.244559,12,세종특별시
2026-06-15T11:05:08+09:00,GBIKE,131475,70.0,36.50422,127.235515,12,세종특별시
2026-06-15T11:05:08+09:00,GBIKE,130144,95.0,36.504265,127.235326,12,세종특별시
2026-06-15T11:05:08+09:00,GBIKE,130417,31.0,36.504271,127.244596,12,세종특별시
2026-06-15T11:05:08+09:00,GBIKE,501302,55.0,36.504298,127.26161,12,세종특별시
2026-06-15T11:05:08+09:00,GBIKE,130631,94.0,36.504302,127.23531,12,세종특별시
2026-06-15T11:05:08+09:00,GBIKE,130446,58.0,36.504303,127.235443,12,세종특별시
2026-06-15T11:05:08+09:00,GBIKE,131081,71.0,36.504303,127.235223,12,세종특별시
2026-06-15T11:05:08+09:00,GBIKE,130492,95.0,36.504327,127.235243,12,세종특별시
2026-06-15T11:05:08+09:00,GBIKE,130067,86.0,36.504337,127.235454,12,세종특별시
2026-06-15T11:05:08+09:00,GBIKE,130439,97.0,36.504341,127.235465,12,세종특별시
2026-06-15T11:05:08+09:00,GBIKE,130599,87.0,36.504349,127.235477,12,세종특별시
2026-06-15T11:05:08+09:00,GBIKE,131091,97.0,36.504358,127.235248,12,세종특별시
2026-06-15T11:05:08+09:00,GBIKE,131525,100.0,36.504358,127.235264,12,세종특별시
2026-06-15T11:05:08+09:00,GBIKE,501293,94.0,36.504366,127.261607,12,세종특별시
2026-06-15T11:05:08+09:00,GBIKE,130898,100.0,36.504376,127.235262,12,세종특별시
2026-06-15T11:05:08+09:00,GBIKE,131638,95.0,36.504382,127.235194,12,세종특별시
2026-06-15T11:05:08+09:00,GBIKE,130593,41.0,36.504393,127.261068,12,세종특별시
2026-06-15T11:05:08+09:00,GBIKE,130203,30.0,36.504414,127.26105,12,세종특별시
2026-06-15T11:05:08+09:00,GBIKE,501571,34.0,36.504428,127.272358,12,세종특별시
2026-06-15T11:05:08+09:00,GBIKE,501117,73.0,36.504456,127.235012,12,세종특별시
2026-06-15T11:05:08+09:00,GBIKE,131645,95.0,36.504475,127.262188,12,세종특별시
2026-06-15T11:05:08+09:00,GBIKE,131837,45.0,36.504521,127.234828,12,세종특별시
2026-06-15T11:05:08+09:00,GBIKE,501209,96.0,36.504606,127.264023,12,세종특별시
2026-06-15T11:05:08+09:00,GBIKE,501177,36.0,36.504606,127.267444,12,세종특별시
2026-06-15T11:05:08+09:00,GBIKE,130682,100.0,36.504636,127.26099,12,세종특별시
2026-06-15T11:05:08+09:00,GBIKE,130989,84.0,36.504664,127.261631,12,세종특별시
2026-06-15T11:05:08+09:00,GBIKE,501588,78.0,36.504677,127.247358,12,세종특별시
2026-06-15T11:05:08+09:00,GBIKE,131856,68.0,36.504684,127.235917,12,세종특별시
2026-06-15T11:05:08+09:00,GBIKE,130384,93.0,36.504692,127.271222,12,세종특별시
2026-06-15T11:05:08+09:00,GBIKE,130740,46.0,36.504704,127.234643,12,세종특별시
2026-06-15T11:05:08+09:00,GBIKE,130227,90.0,36.504712,127.234684,12,세종특별시
2026-06-15T11:05:08+09:00,GBIKE,130309,90.0,36.504728,127.234178,12,세종특별시
2026-06-15T11:05:08+09:00,GBIKE,131006,81.0,36.504745,127.234155,12,세종특별시
2026-06-15T11:05:08+09:00,GBIKE,130337,90.0,36.504794,127.234675,12,세종특별시
2026-06-15T11:05:08+09:00,GBIKE,130525,74.0,36.504794,127.234134,12,세종특별시
2026-06-15T11:05:08+09:00,GBIKE,130572,72.0,36.504804,127.234188,12,세종특별시
2026-06-15T11:05:08+09:00,GBIKE,131900,91.0,36.504818,127.250163,12,세종특별시
2026-06-15T11:05:08+09:00,GBIKE,131285,77.0,36.504823,127.236195,12,세종특별시
2026-06-15T11:05:08+09:00,GBIKE,130996,44.0,36.504824,127.236192,12,세종특별시
2026-06-15T11:05:08+09:00,GBIKE,131354,100.0,36.504853,127.261675,12,세종특별시
2026-06-15T11:05:08+09:00,GBIKE,130995,72.0,36.504879,127.261701,12,세종특별시
2026-06-15T11:05:08+09:00,GBIKE,501288,76.0,36.504884,127.261378,12,세종특별시
2026-06-15T11:05:08+09:00,GBIKE,131654,45.0,36.50489,127.261686,12,세종특별시
2026-06-15T11:05:08+09:00,GBIKE,130180,80.0,36.504904,127.243725,12,세종특별시
2026-06-15T11:05:08+09:00,GBIKE,131881,54.0,36.50492,127.247438,12,세종특별시
2026-06-15T11:05:08+09:00,GBIKE,131816,61.0,36.504938,127.261308,12,세종특별시
2026-06-15T11:05:08+09:00,GBIKE,131347,82.0,36.504977,127.261739,12,세종특별시
2026-06-15T11:05:08+09:00,GBIKE,130268,100.0,36.505007,127.236524,12,세종특별시
2026-06-15T11:05:08+09:00,GBIKE,130332,77.0,36.505023,127.234136,12,세종특별시
2026-06-15T11:05:08+09:00,GBIKE,501535,68.0,36.505038,127.248185,12,세종특별시
2026-06-15T11:05:08+09:00,GBIKE,130574,30.0,36.505062,127.248957,12,세종특별시
2026-06-15T11:05:08+09:00,GBIKE,130372,92.0,36.505066,127.261353,12,세종특별시
2026-06-15T11:05:08+09:00,GBIKE,131260,39.0,36.505073,127.264646,12,세종특별시
2026-06-15T11:05:08+09:00,GBIKE,131607,63.0,36.505129,127.260102,12,세종특별시
2026-06-15T11:05:08+09:00,GBIKE,130872,83.0,36.505134,127.236177,12,세종특별시
2026-06-15T11:05:08+09:00,GBIKE,131535,87.0,36.505159,127.249517,12,세종특별시
2026-06-15T11:05:08+09:00,GBIKE,131121,96.0,36.505163,127.27243,12,세종특별시
2026-06-15T11:05:08+09:00,GBIKE,130979,47.0,36.505186,127.232878,12,세종특별시
2026-06-15T11:05:08+09:00,GBIKE,131866,95.0,36.505189,127.275635,12,세종특별시
2026-06-15T11:05:08+09:00,GBIKE,130055,74.0,36.505196,127.275553,12,세종특별시
2026-06-15T11:05:08+09:00,GBIKE,131098,96.0,36.505213,127.275441,12,세종특별시
2026-06-15T11:05:08+09:00,GBIKE,131386,100.0,36.505235,127.23294,12,세종특별시
2026-06-15T11:05:08+09:00,GBIKE,130562,40.0,36.505237,127.25869,12,세종특별시
2026-06-15T11:05:08+09:00,GBIKE,131372,40.0,36.505242,127.244581,12,세종특별시
2026-06-15T11:05:08+09:00,GBIKE,131321,41.0,36.505247,127.233836,12,세종특별시
2026-06-15T11:05:08+09:00,GBIKE,131826,94.0,36.505248,127.275395,12,세종특별시
2026-06-15T11:05:08+09:00,GBIKE,131903,100.0,36.505251,127.275458,12,세종특별시
2026-06-15T11:05:08+09:00,GBIKE,131609,89.0,36.50526,127.233005,12,세종특별시
2026-06-15T11:05:08+09:00,GBIKE,501478,67.0,36.505292,127.23374,12,세종특별시
2026-06-15T11:05:08+09:00,GBIKE,130914,82.0,36.505298,127.261826,12,세종특별시
2026-06-15T11:05:08+09:00,GBIKE,131451,83.0,36.505309,127.261858,12,세종특별시
2026-06-15T11:05:08+09:00,GBIKE,130627,98.0,36.505314,127.261834,12,세종특별시
2026-06-15T11:05:08+09:00,GBIKE,130696,89.0,36.505319,127.261818,12,세종특별시
2026-06-15T11:05:08+09:00,GBIKE,131222,52.0,36.505328,127.261857,12,세종특별시
2026-06-15T11:05:08+09:00,GBIKE,130169,44.0,36.505336,127.261879,12,세종특별시
2026-06-15T11:05:08+09:00,GBIKE,131215,89.0,36.505362,127.258498,12,세종특별시
2026-06-15T11:05:08+09:00,GBIKE,131322,97.0,36.505365,127.233388,12,세종특별시
2026-06-15T11:05:08+09:00,GBIKE,130346,71.0,36.505389,127.235187,12,세종특별시
2026-06-15T11:05:08+09:00,GBIKE,131823,62.0,36.505391,127.264837,12,세종특별시
2026-06-15T11:05:08+09:00,GBIKE,131197,36.0,36.505478,127.264964,12,세종특별시
2026-06-15T11:05:08+09:00,GBIKE,131230,66.0,36.505527,127.235614,12,세종특별시
2026-06-15T11:05:08+09:00,GBIKE,130311,94.0,36.505559,127.235497,12,세종특별시
2026-06-15T11:05:08+09:00,GBIKE,131846,70.0,36.505605,127.235344,12,세종특별시
2026-06-15T11:05:08+09:00,GBIKE,501500,80.0,36.505612,127.269794,12,세종특별시
2026-06-15T11:05:08+09:00,GBIKE,131731,100.0,36.505649,127.234258,12,세종특별시
2026-06-15T11:05:08+09:00,GBIKE,130834,49.0,36.50566,127.2333,12,세종특별시
2026-06-15T11:05:08+09:00,GBIKE,131948,87.0,36.505702,127.23503,12,세종특별시
2026-06-15T11:05:08+09:00,GBIKE,130132,63.0,36.505757,127.2351,12,세종특별시
2026-06-15T11:05:08+09:00,GBIKE,130738,78.0,36.505775,127.265021,12,세종특별시
2026-06-15T11:05:08+09:00,GBIKE,131075,98.0,36.505778,127.23309,12,세종특별시
2026-06-15T11:05:08+09:00,GBIKE,130196,86.0,36.505794,127.233069,12,세종특별시
2026-06-15T11:05:08+09:00,GBIKE,130899,46.0,36.505832,127.261569,12,세종특별시
2026-06-15T11:05:08+09:00,GBIKE,131904,67.0,36.505835,127.23463,12,세종특별시
2026-06-15T11:05:08+09:00,GBIKE,130136,65.0,36.505839,127.234998,12,세종특별시
2026-06-15T11:05:08+09:00,GBIKE,131972,43.0,36.505844,127.253409,12,세종특별시
2026-06-15T11:05:08+09:00,GBIKE,131136,87.0,36.505846,127.234608,12,세종특별시
2026-06-15T11:05:08+09:00,GBIKE,501312,80.0,36.505873,127.265624,12,세종특별시
2026-06-15T11:05:08+09:00,GBIKE,131225,34.0,36.505876,127.250125,12,세종특별시
2026-06-15T11:05:08+09:00,GBIKE,131938,89.0,36.505886,127.265522,12,세종특별시
2026-06-15T11:05:08+09:00,GBIKE,131248,81.0,36.505896,127.265182,12,세종특별시
2026-06-15T11:05:08+09:00,GBIKE,130245,96.0,36.505928,127.272934,12,세종특별시
2026-06-15T11:05:08+09:00,GBIKE,501549,43.0,36.505933,127.265128,12,세종특별시
2026-06-15T11:05:08+09:00,GBIKE,130553,62.0,36.506003,127.23484,12,세종특별시
2026-06-15T11:05:08+09:00,GBIKE,131273,54.0,36.506007,127.234803,12,세종특별시
2026-06-15T11:05:08+09:00,GBIKE,130903,65.0,36.506008,127.234827,12,세종특별시
2026-06-15T11:05:08+09:00,GBIKE,501475,53.0,36.506011,127.233476,12,세종특별시
2026-06-15T11:05:08+09:00,GBIKE,131818,84.0,36.506027,127.262026,12,세종특별시
2026-06-15T11:05:08+09:00,GBIKE,131502,84.0,36.506056,127.234725,12,세종특별시
2026-06-15T11:05:08+09:00,GBIKE,130484,76.0,36.506057,127.234765,12,세종특별시
2026-06-15T11:05:08+09:00,GBIKE,131786,54.0,36.506063,127.234769,12,세종특별시
2026-06-15T11:05:08+09:00,GBIKE,131205,78.0,36.506068,127.272542,12,세종특별시
2026-06-15T11:05:08+09:00,GBIKE,501300,87.0,36.506071,127.233567,12,세종특별시
2026-06-15T11:05:08+09:00,GBIKE,130078,73.0,36.506086,127.233927,12,세종특별시
2026-06-15T11:05:08+09:00,GBIKE,131047,96.0,36.506098,127.272547,12,세종특별시
2026-06-15T11:05:08+09:00,GBIKE,131052,35.0,36.5061,127.241575,12,세종특별시
2026-06-15T11:05:08+09:00,GBIKE,131314,78.0,36.506114,127.245018,12,세종특별시
2026-06-15T11:05:08+09:00,GBIKE,131603,46.0,36.506115,127.234125,12,세종특별시
2026-06-15T11:05:08+09:00,GBIKE,130514,68.0,36.506117,127.233759,12,세종특별시
2026-06-15T11:05:08+09:00,GBIKE,130625,76.0,36.506117,127.272527,12,세종특별시
2026-06-15T11:05:08+09:00,GBIKE,131132,30.0,36.506128,127.33688,12,세종특별시
2026-06-15T11:05:08+09:00,GBIKE,130188,81.0,36.50613,127.233832,12,세종특별시
2026-06-15T11:05:08+09:00,GBIKE,131978,80.0,36.506148,127.23409,12,세종특별시
2026-06-15T11:05:08+09:00,GBIKE,131596,67.0,36.506157,127.233857,12,세종특별시
2026-06-15T11:05:08+09:00,GBIKE,130636,92.0,36.506198,127.234507,12,세종특별시
2026-06-15T11:05:08+09:00,GBIKE,501493,64.0,36.506213,127.249648,12,세종특별시
2026-06-15T11:05:08+09:00,GBIKE,130224,96.0,36.506227,127.234266,12,세종특별시
2026-06-15T11:05:08+09:00,GBIKE,131020,67.0,36.506231,127.245276,12,세종특별시
2026-06-15T11:05:08+09:00,GBIKE,130493,83.0,36.506234,127.234556,12,세종특별시
2026-06-15T11:05:08+09:00,GBIKE,130868,87.0,36.50626,127.234572,12,세종특별시
2026-06-15T11:05:08+09:00,GBIKE,131457,94.0,36.506274,127.263289,12,세종특별시
2026-06-15T11:05:08+09:00,GBIKE,130848,82.0,36.506297,127.234378,12,세종특별시
2026-06-15T11:05:08+09:00,GBIKE,130190,48.0,36.50631,127.234331,12,세종특별시
2026-06-15T11:05:08+09:00,GBIKE,131735,36.0,36.506311,127.235965,12,세종특별시
2026-06-15T11:05:08+09:00,GBIKE,501211,96.0,36.506332,127.26412,12,세종특별시
2026-06-15T11:05:08+09:00,GBIKE,131507,83.0,36.506446,127.234299,12,세종특별시
2026-06-15T11:05:08+09:00,GBIKE,131242,81.0,36.506475,127.234294,12,세종특별시
2026-06-15T11:05:08+09:00,GBIKE,131247,47.0,36.50648,127.269932,12,세종특별시
2026-06-15T11:05:08+09:00,GBIKE,131916,100.0,36.506491,127.269821,12,세종특별시
2026-06-15T11:05:08+09:00,GBIKE,130170,44.0,36.506514,127.269921,12,세종특별시
2026-06-15T11:05:08+09:00,GBIKE,501520,63.0,36.506544,127.258383,12,세종특별시
2026-06-15T11:05:08+09:00,GBIKE,501551,69.0,36.506583,127.25864,12,세종특별시
2026-06-15T11:05:08+09:00,GBIKE,501434,94.0,36.506594,127.262168,12,세종특별시
2026-06-15T11:05:08+09:00,GBIKE,130879,61.0,36.506614,127.269822,12,세종특별시
2026-06-15T11:05:08+09:00,GBIKE,131400,95.0,36.506638,127.232159,12,세종특별시
2026-06-15T11:05:08+09:00,GBIKE,131103,81.0,36.506647,127.262216,12,세종특별시
2026-06-15T11:05:08+09:00,GBIKE,131905,83.0,36.506647,127.262808,12,세종특별시
2026-06-15T11:05:08+09:00,GBIKE,130757,66.0,36.506649,127.262846,12,세종특별시
2026-06-15T11:05:08+09:00,GBIKE,130795,79.0,36.506656,127.25888,12,세종특별시
2026-06-15T11:05:08+09:00,GBIKE,131250,93.0,36.506663,127.232138,12,세종특별시
2026-06-15T11:05:08+09:00,GBIKE,131724,98.0,36.506681,127.259516,12,세종특별시
2026-06-15T11:05:08+09:00,GBIKE,501331,51.0,36.506682,127.24516,12,세종특별시
2026-06-15T11:05:08+09:00,GBIKE,130145,44.0,36.506688,127.237958,12,세종특별시
2026-06-15T11:05:08+09:00,GBIKE,131406,94.0,36.506693,127.232123,12,세종특별시
2026-06-15T11:05:08+09:00,GBIKE,131440,69.0,36.506703,127.232107,12,세종특별시
2026-06-15T11:05:08+09:00,GBIKE,130663,87.0,36.506721,127.232023,12,세종특별시
2026-06-15T11:05:08+09:00,GBIKE,501523,93.0,36.506748,127.265867,12,세종특별시
2026-06-15T11:05:08+09:00,GBIKE,131202,41.0,36.506795,127.247647,12,세종특별시
2026-06-15T11:05:08+09:00,GBIKE,501511,88.0,36.506797,127.232034,12,세종특별시
2026-06-15T11:05:08+09:00,GBIKE,131928,78.0,36.50682,127.245114,12,세종특별시
2026-06-15T11:05:08+09:00,GBIKE,501243,48.0,36.506822,127.258282,12,세종특별시
2026-06-15T11:05:08+09:00,GBIKE,130420,32.0,36.506822,127.245112,12,세종특별시
2026-06-15T11:05:08+09:00,GBIKE,130154,76.0,36.506829,127.261445,12,세종특별시
2026-06-15T11:05:08+09:00,GBIKE,130655,52.0,36.506837,127.245129,12,세종특별시
2026-06-15T11:05:08+09:00,GBIKE,131113,94.0,36.506851,127.270138,12,세종특별시
2026-06-15T11:05:08+09:00,GBIKE,130895,64.0,36.506853,127.252137,12,세종특별시
2026-06-15T11:05:08+09:00,GBIKE,130108,95.0,36.506856,127.261382,12,세종특별시
2026-06-15T11:05:08+09:00,GBIKE,130263,52.0,36.506858,127.270163,12,세종특별시
2026-06-15T11:05:08+09:00,GBIKE,130785,64.0,36.50686,127.258729,12,세종특별시
2026-06-15T11:05:08+09:00,GBIKE,130677,95.0,36.506872,127.270143,12,세종특별시
2026-06-15T11:05:08+09:00,GBIKE,130213,74.0,36.506881,127.270178,12,세종특별시
2026-06-15T11:05:08+09:00,GBIKE,131844,87.0,36.506887,127.258533,12,세종특별시
2026-06-15T11:05:08+09:00,GBIKE,130573,67.0,36.506898,127.253844,12,세종특별시
2026-06-15T11:05:08+09:00,GBIKE,131364,76.0,36.506919,127.235101,12,세종특별시
2026-06-15T11:05:08+09:00,GBIKE,130048,70.0,36.506922,127.259876,12,세종특별시
2026-06-15T11:05:08+09:00,GBIKE,131174,71.0,36.506929,127.267705,12,세종특별시
2026-06-15T11:05:08+09:00,GBIKE,501402,95.0,36.506934,127.253457,12,세종특별시
2026-06-15T11:05:08+09:00,GBIKE,130049,75.0,36.506953,127.262081,12,세종특별시
2026-06-15T11:05:08+09:00,GBIKE,131520,58.0,36.506971,127.262063,12,세종특별시
2026-06-15T11:05:08+09:00,GBIKE,130736,65.0,36.507041,127.267914,12,세종특별시
2026-06-15T11:05:08+09:00,GBIKE,130476,83.0,36.507052,127.267936,12,세종특별시
2026-06-15T11:05:08+09:00,GBIKE,131143,47.0,36.507188,127.26202,12,세종특별시
2026-06-15T11:05:08+09:00,GBIKE,130392,94.0,36.507406,127.268939,12,세종특별시
2026-06-15T11:05:08+09:00,GBIKE,501215,72.0,36.507424,127.263119,12,세종특별시
2026-06-15T11:05:08+09:00,GBIKE,130031,63.0,36.507474,127.241565,12,세종특별시
2026-06-15T11:05:08+09:00,GBIKE,130254,58.0,36.507477,127.262413,12,세종특별시
2026-06-15T11:05:08+09:00,GBIKE,131318,50.0,36.507481,127.261995,12,세종특별시
2026-06-15T11:05:08+09:00,GBIKE,131753,78.0,36.507521,127.234481,12,세종특별시
2026-06-15T11:05:08+09:00,GBIKE,131031,56.0,36.507549,127.235476,12,세종특별시
2026-06-15T11:05:08+09:00,GBIKE,131792,65.0,36.507561,127.263148,12,세종특별시
2026-06-15T11:05:08+09:00,GBIKE,130467,90.0,36.507604,127.241517,12,세종특별시
2026-06-15T11:05:08+09:00,GBIKE,131834,58.0,36.507608,127.269586,12,세종특별시
2026-06-15T11:05:08+09:00,GBIKE,501110,49.0,36.507634,127.269152,12,세종특별시
2026-06-15T11:05:08+09:00,GBIKE,131604,95.0,36.507639,127.237109,12,세종특별시
2026-06-15T11:05:08+09:00,GBIKE,130336,61.0,36.507667,127.269031,12,세종특별시
2026-06-15T11:05:08+09:00,GBIKE,131570,79.0,36.507673,127.26903,12,세종특별시
2026-06-15T11:05:08+09:00,GBIKE,131420,94.0,36.507821,127.235183,12,세종특별시
2026-06-15T11:05:08+09:00,GBIKE,131336,80.0,36.507847,127.231188,12,세종특별시
2026-06-15T11:05:08+09:00,GBIKE,130946,100.0,36.507857,127.26155,12,세종특별시
2026-06-15T11:05:08+09:00,GBIKE,130449,95.0,36.507895,127.261586,12,세종특별시
2026-06-15T11:05:08+09:00,GBIKE,130375,75.0,36.507896,127.261481,12,세종특별시
2026-06-15T11:05:08+09:00,GBIKE,131901,100.0,36.507917,127.249731,12,세종특별시
2026-06-15T11:05:08+09:00,GBIKE,130729,62.0,36.507941,127.257511,12,세종특별시
2026-06-15T11:05:08+09:00,GBIKE,131388,52.0,36.507943,127.267813,12,세종특별시
2026-06-15T11:05:08+09:00,GBIKE,130099,54.0,36.507956,127.258926,12,세종특별시
2026-06-15T11:05:08+09:00,GBIKE,131809,75.0,36.508039,127.261991,12,세종특별시
2026-06-15T11:05:08+09:00,GBIKE,341583,41.0,36.508056,127.257873,12,세종특별시
2026-06-15T11:05:08+09:00,GBIKE,501584,43.0,36.50806,127.2619,12,세종특별시
2026-06-15T11:05:08+09:00,GBIKE,130744,57.0,36.508084,127.257233,12,세종특별시
2026-06-15T11:05:08+09:00,GBIKE,131401,93.0,36.508155,127.267599,12,세종특별시
2026-06-15T11:05:08+09:00,GBIKE,131867,93.0,36.508176,127.241598,12,세종특별시
2026-06-15T11:05:08+09:00,GBIKE,131279,49.0,36.508184,127.267506,12,세종특별시
2026-06-15T11:05:08+09:00,GBIKE,131827,97.0,36.50826,127.267622,12,세종특별시
2026-06-15T11:05:08+09:00,GBIKE,130252,47.0,36.508268,127.261382,12,세종특별시
2026-06-15T11:05:08+09:00,GBIKE,130147,51.0,36.508271,127.267644,12,세종특별시
2026-06-15T11:05:08+09:00,GBIKE,130229,37.0,36.508273,127.245485,12,세종특별시
2026-06-15T11:05:08+09:00,GBIKE,130058,88.0,36.508281,127.260254,12,세종특별시
2026-06-15T11:05:08+09:00,GBIKE,130273,76.0,36.508283,127.261409,12,세종특별시
2026-06-15T11:05:08+09:00,GBIKE,131500,62.0,36.508303,127.261448,12,세종특별시
2026-06-15T11:05:08+09:00,GBIKE,130792,66.0,36.50833,127.261458,12,세종특별시
2026-06-15T11:05:08+09:00,GBIKE,131216,80.0,36.508332,127.261401,12,세종특별시
2026-06-15T11:05:08+09:00,GBIKE,130181,78.0,36.508333,127.257663,12,세종특별시
2026-06-15T11:05:08+09:00,GBIKE,131232,31.0,36.508381,127.262632,12,세종특별시
2026-06-15T11:05:08+09:00,GBIKE,130462,62.0,36.508386,127.266662,12,세종특별시
2026-06-15T11:05:08+09:00,GBIKE,131848,92.0,36.508399,127.249685,12,세종특별시
2026-06-15T11:05:08+09:00,GBIKE,131082,87.0,36.508423,127.234888,12,세종특별시
2026-06-15T11:05:08+09:00,GBIKE,130314,71.0,36.508425,127.262292,12,세종특별시
2026-06-15T11:05:08+09:00,GBIKE,131166,34.0,36.508429,127.263468,12,세종특별시
2026-06-15T11:05:08+09:00,GBIKE,130768,74.0,36.508465,127.262834,12,세종특별시
2026-06-15T11:05:08+09:00,GBIKE,131259,89.0,36.508466,127.249648,12,세종특별시
2026-06-15T11:05:08+09:00,GBIKE,130700,96.0,36.508514,127.260238,12,세종특별시
2026-06-15T11:05:08+09:00,GBIKE,131253,99.0,36.508529,127.24593,12,세종특별시
2026-06-15T11:05:08+09:00,GBIKE,130038,84.0,36.508532,127.241044,12,세종특별시
2026-06-15T11:05:08+09:00,GBIKE,501455,93.0,36.508621,127.267273,12,세종특별시
2026-06-15T11:05:08+09:00,GBIKE,131489,63.0,36.508632,127.24154,12,세종특별시
2026-06-15T11:05:08+09:00,GBIKE,131737,87.0,36.508682,127.261141,12,세종특별시
2026-06-15T11:05:08+09:00,GBIKE,130648,66.0,36.508748,127.261815,12,세종특별시
2026-06-15T11:05:08+09:00,GBIKE,131034,69.0,36.508793,127.265563,12,세종특별시
2026-06-15T11:05:08+09:00,GBIKE,131310,94.0,36.508914,127.249537,12,세종특별시
2026-06-15T11:05:08+09:00,GBIKE,131977,38.0,36.508949,127.257201,12,세종특별시
2026-06-15T11:05:08+09:00,GBIKE,131413,71.0,36.508957,127.267611,12,세종특별시
2026-06-15T11:05:08+09:00,GBIKE,131236,45.0,36.508985,127.269759,12,세종특별시
2026-06-15T11:05:08+09:00,GBIKE,501166,100.0,36.508985,127.261564,12,세종특별시
2026-06-15T11:05:08+09:00,GBIKE,131930,100.0,36.509029,127.241233,12,세종특별시
2026-06-15T11:05:08+09:00,GBIKE,130274,55.0,36.509034,127.269634,12,세종특별시
2026-06-15T11:05:08+09:00,GBIKE,130444,68.0,36.509067,127.234156,12,세종특별시
2026-06-15T11:05:08+09:00,GBIKE,501376,84.0,36.509203,127.245829,12,세종특별시
2026-06-15T11:05:08+09:00,GBIKE,131873,96.0,36.5093,127.234045,12,세종특별시
2026-06-15T11:05:08+09:00,GBIKE,131048,87.0,36.509304,127.233819,12,세종특별시
2026-06-15T11:05:08+09:00,GBIKE,131017,75.0,36.509315,127.232345,12,세종특별시
2026-06-15T11:05:08+09:00,GBIKE,130089,96.0,36.509329,127.232272,12,세종특별시
2026-06-15T11:05:08+09:00,GBIKE,131122,46.0,36.50933,127.232275,12,세종특별시
2026-06-15T11:05:08+09:00,GBIKE,130141,79.0,36.509347,127.259042,12,세종특별시
2026-06-15T11:05:08+09:00,GBIKE,130526,82.0,36.50935,127.232284,12,세종특별시
2026-06-15T11:05:08+09:00,GBIKE,131296,75.0,36.509364,127.232499,12,세종특별시
2026-06-15T11:05:08+09:00,GBIKE,131266,96.0,36.509371,127.232393,12,세종특별시
2026-06-15T11:05:08+09:00,GBIKE,130543,66.0,36.509373,127.23242,12,세종특별시
2026-06-15T11:05:08+09:00,GBIKE,131419,99.0,36.509378,127.234344,12,세종특별시
2026-06-15T11:05:08+09:00,GBIKE,130030,86.0,36.509389,127.234339,12,세종특별시
2026-06-15T11:05:08+09:00,GBIKE,131460,78.0,36.509409,127.244459,12,세종특별시
2026-06-15T11:05:08+09:00,GBIKE,501262,68.0,36.509414,127.234283,12,세종특별시
2026-06-15T11:05:08+09:00,GBIKE,130320,92.0,36.50942,127.267868,12,세종특별시
2026-06-15T11:05:08+09:00,GBIKE,130522,86.0,36.509426,127.261446,12,세종특별시
2026-06-15T11:05:08+09:00,GBIKE,130124,95.0,36.509435,127.242829,12,세종특별시
2026-06-15T11:05:08+09:00,GBIKE,130168,96.0,36.509448,127.260949,12,세종특별시
2026-06-15T11:05:08+09:00,GBIKE,501560,89.0,36.509459,127.241469,12,세종특별시
2026-06-15T11:05:08+09:00,GBIKE,130074,52.0,36.509499,127.267496,12,세종특별시
2026-06-15T11:05:08+09:00,GBIKE,130162,81.0,36.509542,127.267443,12,세종특별시
2026-06-15T11:05:08+09:00,GBIKE,130638,100.0,36.509546,127.233072,12,세종특별시
2026-06-15T11:05:08+09:00,GBIKE,130318,48.0,36.509555,127.232995,12,세종특별시
2026-06-15T11:05:08+09:00,GBIKE,130535,77.0,36.509555,127.233143,12,세종특별시
2026-06-15T11:05:08+09:00,GBIKE,131704,95.0,36.50956,127.233083,12,세종특별시
2026-06-15T11:05:08+09:00,GBIKE,131586,66.0,36.509568,127.233607,12,세종특별시
2026-06-15T11:05:08+09:00,GBIKE,131935,99.0,36.509585,127.233645,12,세종특별시
2026-06-15T11:05:08+09:00,GBIKE,130634,100.0,36.509608,127.233598,12,세종특별시
2026-06-15T11:05:08+09:00,GBIKE,130647,47.0,36.509639,127.233617,12,세종특별시
2026-06-15T11:05:08+09:00,GBIKE,131780,75.0,36.509651,127.233623,12,세종특별시
2026-06-15T11:05:08+09:00,GBIKE,131931,68.0,36.509667,127.267437,12,세종특별시
2026-06-15T11:05:08+09:00,GBIKE,130219,78.0,36.509675,127.241554,12,세종특별시
2026-06-15T11:05:08+09:00,GBIKE,130723,63.0,36.509704,127.249689,12,세종특별시
2026-06-15T11:05:08+09:00,GBIKE,131163,62.0,36.509709,127.233701,12,세종특별시
2026-06-15T11:05:08+09:00,GBIKE,501378,92.0,36.509721,127.267577,12,세종특별시
2026-06-15T11:05:08+09:00,GBIKE,130502,95.0,36.509743,127.229187,12,세종특별시
2026-06-15T11:05:08+09:00,GBIKE,130552,37.0,36.509749,127.259799,12,세종특별시
2026-06-15T11:05:08+09:00,GBIKE,130948,73.0,36.509767,127.26472,12,세종특별시
2026-06-15T11:05:08+09:00,GBIKE,130870,88.0,36.509866,127.229572,12,세종특별시
2026-06-15T11:05:08+09:00,GBIKE,130546,96.0,36.509879,127.260422,12,세종특별시
2026-06-15T11:05:08+09:00,GBIKE,131581,100.0,36.509969,127.26761,12,세종특별시
2026-06-15T11:05:08+09:00,GBIKE,131288,78.0,36.509971,127.267599,12,세종특별시
2026-06-15T11:05:08+09:00,GBIKE,131975,95.0,36.51001,127.233855,12,세종특별시
2026-06-15T11:05:08+09:00,GBIKE,501313,92.0,36.510011,127.267638,12,세종특별시
2026-06-15T11:05:08+09:00,GBIKE,130480,90.0,36.510014,127.233889,12,세종특별시
2026-06-15T11:05:08+09:00,GBIKE,501200,82.0,36.510035,127.233706,12,세종특별시
2026-06-15T11:05:08+09:00,GBIKE,501271,56.0,36.510039,127.246173,12,세종특별시
2026-06-15T11:05:08+09:00,GBIKE,130046,70.0,36.51004,127.267657,12,세종특별시
2026-06-15T11:05:08+09:00,GBIKE,130676,98.0,36.510203,127.260281,12,세종특별시
2026-06-15T11:05:08+09:00,GBIKE,131458,97.0,36.510235,127.267486,12,세종특별시
2026-06-15T11:05:08+09:00,GBIKE,501219,72.0,36.510291,127.267471,12,세종특별시
2026-06-15T11:05:08+09:00,GBIKE,131830,95.0,36.510396,127.231494,12,세종특별시
2026-06-15T11:05:08+09:00,GBIKE,501254,70.0,36.510459,127.229907,12,세종특별시
2026-06-15T11:05:08+09:00,GBIKE,131147,86.0,36.510482,127.241352,12,세종특별시
2026-06-15T11:05:08+09:00,GBIKE,131909,95.0,36.510492,127.250172,12,세종특별시
2026-06-15T11:05:08+09:00,GBIKE,131060,53.0,36.510512,127.241323,12,세종특별시
2026-06-15T11:05:08+09:00,GBIKE,130064,62.0,36.510513,127.231888,12,세종특별시
2026-06-15T11:05:08+09:00,GBIKE,130253,93.0,36.510522,127.241336,12,세종특별시
2026-06-15T11:05:08+09:00,GBIKE,131863,71.0,36.510524,127.232047,12,세종특별시
2026-06-15T11:05:08+09:00,GBIKE,130657,89.0,36.510528,127.259033,12,세종특별시
2026-06-15T11:05:08+09:00,GBIKE,130022,95.0,36.510542,127.241352,12,세종특별시
2026-06-15T11:05:08+09:00,GBIKE,130174,85.0,36.510542,127.230824,12,세종특별시
2026-06-15T11:05:08+09:00,GBIKE,131849,71.0,36.510545,127.230838,12,세종특별시
2026-06-15T11:05:08+09:00,GBIKE,130195,78.0,36.510547,127.23083,12,세종특별시
2026-06-15T11:05:08+09:00,GBIKE,131240,100.0,36.510557,127.241343,12,세종특별시
2026-06-15T11:05:08+09:00,GBIKE,131708,95.0,36.510572,127.229628,12,세종특별시
2026-06-15T11:05:08+09:00,GBIKE,130747,86.0,36.510577,127.232412,12,세종특별시
2026-06-15T11:05:08+09:00,GBIKE,131123,96.0,36.510577,127.258031,12,세종특별시
2026-06-15T11:05:08+09:00,GBIKE,612778,63.0,36.51058,127.246234,12,세종특별시
2026-06-15T11:05:08+09:00,GBIKE,501178,86.0,36.510583,127.241336,12,세종특별시
2026-06-15T11:05:08+09:00,GBIKE,131864,79.0,36.510611,127.238995,12,세종특별시
2026-06-15T11:05:08+09:00,GBIKE,130453,94.0,36.510612,127.260341,12,세종특별시
2026-06-15T11:05:08+09:00,GBIKE,130756,72.0,36.510658,127.239852,12,세종특별시
2026-06-15T11:05:08+09:00,GBIKE,130835,75.0,36.510672,127.232036,12,세종특별시
2026-06-15T11:05:08+09:00,GBIKE,130053,65.0,36.5107,127.229712,12,세종특별시
2026-06-15T11:05:08+09:00,GBIKE,131220,65.0,36.510705,127.261503,12,세종특별시
2026-06-15T11:05:08+09:00,GBIKE,130385,66.0,36.510716,127.231836,12,세종특별시
2026-06-15T11:05:08+09:00,GBIKE,131699,98.0,36.510731,127.246469,12,세종특별시
2026-06-15T11:05:08+09:00,GBIKE,130106,88.0,36.510796,127.231741,12,세종특별시
2026-06-15T11:05:08+09:00,GBIKE,131256,78.0,36.510809,127.233532,12,세종특별시
2026-06-15T11:05:08+09:00,GBIKE,130248,46.0,36.510816,127.233689,12,세종특별시
2026-06-15T11:05:08+09:00,GBIKE,358176,42.0,36.510821,127.243048,12,세종특별시
2026-06-15T11:05:08+09:00,GBIKE,131268,84.0,36.510822,127.233739,12,세종특별시
2026-06-15T11:05:08+09:00,GBIKE,130378,86.0,36.510825,127.236008,12,세종특별시
2026-06-15T11:05:08+09:00,GBIKE,131342,92.0,36.510826,127.23239,12,세종특별시
2026-06-15T11:05:08+09:00,GBIKE,359456,34.0,36.510831,127.23251,12,세종특별시
2026-06-15T11:05:08+09:00,GBIKE,130804,50.0,36.510832,127.234024,12,세종특별시
2026-06-15T11:05:08+09:00,GBIKE,131913,99.0,36.510835,127.239552,12,세종특별시
2026-06-15T11:05:08+09:00,GBIKE,130758,86.0,36.510836,127.232501,12,세종특별시
2026-06-15T11:05:08+09:00,GBIKE,501147,62.0,36.510839,127.239753,12,세종특별시
2026-06-15T11:05:08+09:00,GBIKE,130456,67.0,36.510845,127.232454,12,세종특별시
2026-06-15T11:05:08+09:00,GBIKE,130807,100.0,36.510853,127.232514,12,세종특별시
2026-06-15T11:05:08+09:00,GBIKE,130549,72.0,36.510854,127.233965,12,세종특별시
2026-06-15T11:05:08+09:00,GBIKE,130107,80.0,36.510866,127.232859,12,세종특별시
2026-06-15T11:05:08+09:00,GBIKE,130826,71.0,36.510869,127.239552,12,세종특별시
2026-06-15T11:05:08+09:00,GBIKE,131486,74.0,36.51087,127.231656,12,세종특별시
2026-06-15T11:05:08+09:00,GBIKE,131831,100.0,36.510871,127.232434,12,세종특별시
2026-06-15T11:05:08+09:00,GBIKE,130550,59.0,36.510879,127.244575,12,세종특별시
2026-06-15T11:05:08+09:00,GBIKE,130150,95.0,36.510885,127.266968,12,세종특별시
2026-06-15T11:05:08+09:00,GBIKE,130632,100.0,36.510885,127.233163,12,세종특별시
2026-06-15T11:05:08+09:00,GBIKE,130025,95.0,36.510889,127.232915,12,세종특별시
2026-06-15T11:05:08+09:00,GBIKE,130404,77.0,36.510891,127.232882,12,세종특별시
2026-06-15T11:05:08+09:00,GBIKE,131691,56.0,36.510958,127.240816,12,세종특별시
2026-06-15T11:05:08+09:00,GBIKE,130805,74.0,36.510962,127.240882,12,세종특별시
2026-06-15T11:05:08+09:00,GBIKE,131434,72.0,36.510973,127.249858,12,세종특별시
2026-06-15T11:05:08+09:00,GBIKE,131773,80.0,36.510987,127.239589,12,세종특별시
2026-06-15T11:05:08+09:00,GBIKE,131845,85.0,36.511016,127.249812,12,세종특별시
2026-06-15T11:05:08+09:00,GBIKE,130784,60.0,36.511023,127.232052,12,세종특별시
2026-06-15T11:05:08+09:00,GBIKE,130151,95.0,36.511028,127.249762,12,세종특별시
2026-06-15T11:05:08+09:00,GBIKE,130905,95.0,36.511042,127.248876,12,세종특별시
2026-06-15T11:05:08+09:00,GBIKE,131237,84.0,36.511058,127.233516,12,세종특별시
2026-06-15T11:05:08+09:00,GBIKE,131620,58.0,36.511072,127.233365,12,세종특별시
2026-06-15T11:05:08+09:00,GBIKE,131710,88.0,36.511083,127.24923,12,세종특별시
2026-06-15T11:05:08+09:00,GBIKE,130255,82.0,36.5111,127.248454,12,세종특별시
2026-06-15T11:05:08+09:00,GBIKE,131998,73.0,36.511116,127.249306,12,세종특별시
2026-06-15T11:05:08+09:00,GBIKE,131499,53.0,36.511146,127.247884,12,세종특별시
2026-06-15T11:05:08+09:00,GBIKE,130849,89.0,36.511148,127.239609,12,세종특별시
2026-06-15T11:05:08+09:00,GBIKE,131341,94.0,36.511154,127.248089,12,세종특별시
2026-06-15T11:05:08+09:00,GBIKE,130592,100.0,36.511162,127.248072,12,세종특별시
2026-06-15T11:05:08+09:00,GBIKE,130345,93.0,36.511207,127.24005,12,세종특별시
2026-06-15T11:05:08+09:00,GBIKE,501214,54.0,36.511208,127.23998,12,세종특별시
2026-06-15T11:05:08+09:00,GBIKE,130515,37.0,36.511208,127.236397,12,세종특별시
2026-06-15T11:05:08+09:00,GBIKE,131072,59.0,36.511214,127.240059,12,세종특별시
2026-06-15T11:05:08+09:00,GBIKE,131325,70.0,36.511234,127.233572,12,세종특별시
2026-06-15T11:05:08+09:00,GBIKE,131339,46.0,36.511238,127.248171,12,세종특별시
2026-06-15T11:05:08+09:00,GBIKE,131855,73.0,36.511272,127.233387,12,세종특별시
2026-06-15T11:05:08+09:00,GBIKE,131574,65.0,36.511315,127.233574,12,세종특별시
2026-06-15T11:05:08+09:00,GBIKE,501424,72.0,36.511326,127.24428,12,세종특별시
2026-06-15T11:05:08+09:00,GBIKE,130717,41.0,36.511331,127.229762,12,세종특별시
2026-06-15T11:05:08+09:00,GBIKE,501193,54.0,36.511396,127.248774,12,세종특별시
2026-06-15T11:05:08+09:00,GBIKE,501165,52.0,36.511413,127.249993,12,세종특별시
2026-06-15T11:05:08+09:00,GBIKE,130123,40.0,36.511428,127.25561,12,세종특별시
2026-06-15T11:05:08+09:00,GBIKE,130082,59.0,36.511465,127.241692,12,세종특별시
2026-06-15T11:05:08+09:00,GBIKE,501174,87.0,36.511532,127.25561,12,세종특별시
2026-06-15T11:05:08+09:00,GBIKE,501257,87.0,36.511543,127.252462,12,세종특별시
2026-06-15T11:05:08+09:00,GBIKE,501216,90.0,36.511563,127.248897,12,세종특별시
2026-06-15T11:05:08+09:00,GBIKE,130258,79.0,36.511583,127.259765,12,세종특별시
2026-06-15T11:05:08+09:00,GBIKE,501525,60.0,36.511584,127.250572,12,세종특별시
2026-06-15T11:05:08+09:00,GBIKE,131050,92.0,36.511609,127.242896,12,세종특별시
2026-06-15T11:05:08+09:00,GBIKE,130341,68.0,36.511626,127.247978,12,세종특별시
2026-06-15T11:05:08+09:00,GBIKE,501242,97.0,36.511628,127.250249,12,세종특별시
2026-06-15T11:05:08+09:00,GBIKE,131902,95.0,36.511629,127.259751,12,세종특별시
2026-06-15T11:05:08+09:00,GBIKE,131254,100.0,36.51163,127.247967,12,세종특별시
2026-06-15T11:05:08+09:00,GBIKE,131224,59.0,36.511636,127.239651,12,세종특별시
2026-06-15T11:05:08+09:00,GBIKE,130704,78.0,36.511641,127.248014,12,세종특별시
2026-06-15T11:05:08+09:00,GBIKE,131272,67.0,36.511644,127.241157,12,세종특별시
2026-06-15T11:05:08+09:00,GBIKE,130286,77.0,36.511647,127.247132,12,세종특별시
2026-06-15T11:05:08+09:00,GBIKE,131390,64.0,36.511656,127.239933,12,세종특별시
2026-06-15T11:05:08+09:00,GBIKE,131945,85.0,36.511666,127.247113,12,세종특별시
2026-06-15T11:05:08+09:00,GBIKE,332266,50.0,36.511675,127.246423,12,세종특별시
2026-06-15T11:05:08+09:00,GBIKE,130158,100.0,36.511676,127.247995,12,세종특별시
2026-06-15T11:05:08+09:00,GBIKE,130461,99.0,36.511681,127.247113,12,세종특별시
2026-06-15T11:05:08+09:00,GBIKE,131498,57.0,36.511698,127.246004,12,세종특별시
2026-06-15T11:05:08+09:00,GBIKE,131100,58.0,36.511699,127.247095,12,세종특별시
2026-06-15T11:05:08+09:00,GBIKE,131689,55.0,36.5117,127.24713,12,세종특별시
2026-06-15T11:05:08+09:00,GBIKE,131707,58.0,36.511704,127.246182,12,세종특별시
2026-06-15T11:05:08+09:00,GBIKE,358190,51.0,36.511708,127.246433,12,세종특별시
2026-06-15T11:05:08+09:00,GBIKE,130982,93.0,36.511722,127.246503,12,세종특별시
2026-06-15T11:05:08+09:00,GBIKE,131130,56.0,36.511723,127.247124,12,세종특별시
2026-06-15T11:05:08+09:00,GBIKE,130247,73.0,36.511725,127.244032,12,세종특별시
2026-06-15T11:05:08+09:00,GBIKE,501233,76.0,36.511727,127.241077,12,세종특별시
2026-06-15T11:05:08+09:00,GBIKE,501403,88.0,36.511728,127.24084,12,세종특별시
2026-06-15T11:05:08+09:00,GBIKE,501562,91.0,36.511756,127.247976,12,세종특별시
2026-06-15T11:05:08+09:00,GBIKE,501452,48.0,36.511763,127.244037,12,세종특별시
2026-06-15T11:05:08+09:00,GBIKE,501301,61.0,36.511767,127.229862,12,세종특별시
2026-06-15T11:05:08+09:00,GBIKE,131432,100.0,36.511773,127.243922,12,세종특별시
2026-06-15T11:05:08+09:00,GBIKE,131188,71.0,36.511775,127.24165,12,세종특별시
2026-06-15T11:05:08+09:00,GBIKE,130450,82.0,36.51179,127.259522,12,세종특별시
2026-06-15T11:05:08+09:00,GBIKE,130683,47.0,36.511823,127.248887,12,세종특별시
2026-06-15T11:05:08+09:00,GBIKE,130409,62.0,36.511835,127.243349,12,세종특별시
2026-06-15T11:05:08+09:00,GBIKE,501401,68.0,36.511862,127.249756,12,세종특별시
2026-06-15T11:05:08+09:00,GBIKE,130976,96.0,36.511875,127.24778,12,세종특별시
2026-06-15T11:05:08+09:00,GBIKE,130424,77.0,36.51189,127.241154,12,세종특별시
2026-06-15T11:05:08+09:00,GBIKE,131061,83.0,36.511914,127.247893,12,세종특별시
2026-06-15T11:05:08+09:00,GBIKE,501101,94.0,36.511915,127.240549,12,세종특별시
2026-06-15T11:05:08+09:00,GBIKE,131194,83.0,36.511916,127.242158,12,세종특별시
2026-06-15T11:05:08+09:00,GBIKE,501565,94.0,36.511916,127.245581,12,세종특별시
2026-06-15T11:05:08+09:00,GBIKE,501393,82.0,36.511927,127.240942,12,세종특별시
2026-06-15T11:05:08+09:00,GBIKE,501359,64.0,36.511927,127.240936,12,세종특별시
2026-06-15T11:05:08+09:00,GBIKE,501333,98.0,36.511967,127.248271,12,세종특별시
2026-06-15T11:05:08+09:00,GBIKE,130510,92.0,36.511968,127.259588,12,세종특별시
2026-06-15T11:05:08+09:00,GBIKE,501505,88.0,36.512011,127.243512,12,세종특별시
2026-06-15T11:05:08+09:00,GBIKE,501149,85.0,36.512016,127.242789,12,세종특별시
2026-06-15T11:05:08+09:00,GBIKE,131709,86.0,36.512037,127.242575,12,세종특별시
2026-06-15T11:05:08+09:00,GBIKE,501429,49.0,36.51204,127.24401,12,세종특별시
2026-06-15T11:05:08+09:00,GBIKE,130469,100.0,36.512059,127.247882,12,세종특별시
2026-06-15T11:05:08+09:00,GBIKE,131109,73.0,36.512061,127.247855,12,세종특별시
2026-06-15T11:05:08+09:00,GBIKE,131580,98.0,36.512071,127.242268,12,세종특별시
2026-06-15T11:05:08+09:00,GBIKE,130812,95.0,36.512075,127.245417,12,세종특별시
2026-06-15T11:05:08+09:00,GBIKE,131965,98.0,36.512086,127.247901,12,세종특별시
2026-06-15T11:05:08+09:00,GBIKE,131951,96.0,36.512098,127.242689,12,세종특별시
2026-06-15T11:05:08+09:00,GBIKE,501116,47.0,36.512114,127.241309,12,세종특별시
2026-06-15T11:05:08+09:00,GBIKE,130112,47.0,36.512122,127.241879,12,세종특별시
2026-06-15T11:05:08+09:00,GBIKE,501274,68.0,36.512123,127.241412,12,세종특별시
2026-06-15T11:05:08+09:00,GBIKE,501247,59.0,36.512129,127.259267,12,세종특별시
2026-06-15T11:05:08+09:00,GBIKE,130070,96.0,36.512139,127.24794,12,세종특별시
2026-06-15T11:05:08+09:00,GBIKE,130383,78.0,36.512141,127.259471,12,세종특별시
2026-06-15T11:05:08+09:00,GBIKE,130708,68.0,36.512149,127.233761,12,세종특별시
2026-06-15T11:05:08+09:00,GBIKE,130823,40.0,36.512154,127.248055,12,세종특별시
2026-06-15T11:05:08+09:00,GBIKE,501496,92.0,36.512162,127.248051,12,세종특별시
2026-06-15T11:05:08+09:00,GBIKE,501394,79.0,36.512185,127.243592,12,세종특별시
2026-06-15T11:05:08+09:00,GBIKE,130765,53.0,36.512192,127.229678,12,세종특별시
2026-06-15T11:05:08+09:00,GBIKE,501279,45.0,36.512202,127.24813,12,세종특별시
2026-06-15T11:05:08+09:00,GBIKE,501329,49.0,36.512214,127.243754,12,세종특별시
2026-06-15T11:05:08+09:00,GBIKE,130182,99.0,36.512215,127.244521,12,세종특별시
2026-06-15T11:05:08+09:00,GBIKE,501379,58.0,36.512227,127.248153,12,세종특별시
2026-06-15T11:05:08+09:00,GBIKE,131234,51.0,36.512231,127.259377,12,세종특별시
2026-06-15T11:05:08+09:00,GBIKE,131178,71.0,36.512234,127.24753,12,세종특별시
2026-06-15T11:05:08+09:00,GBIKE,131680,86.0,36.512235,127.242046,12,세종특별시
2026-06-15T11:05:08+09:00,GBIKE,131479,69.0,36.512244,127.258529,12,세종특별시
2026-06-15T11:05:08+09:00,GBIKE,130912,100.0,36.512259,127.24798,12,세종특별시
2026-06-15T11:05:08+09:00,GBIKE,131323,70.0,36.512261,127.247918,12,세종특별시
2026-06-15T11:05:08+09:00,GBIKE,130071,66.0,36.512265,127.241359,12,세종특별시
2026-06-15T11:05:08+09:00,GBIKE,130457,93.0,36.512271,127.247939,12,세종특별시
2026-06-15T11:05:08+09:00,GBIKE,131477,85.0,36.512272,127.247977,12,세종특별시
2026-06-15T11:05:08+09:00,GBIKE,131976,91.0,36.512286,127.259452,12,세종특별시
2026-06-15T11:05:08+09:00,GBIKE,130460,46.0,36.512297,127.243532,12,세종특별시
2026-06-15T11:05:08+09:00,GBIKE,501144,91.0,36.512297,127.248208,12,세종특별시
2026-06-15T11:05:08+09:00,GBIKE,131320,44.0,36.512322,127.247929,12,세종특별시
2026-06-15T11:05:08+09:00,GBIKE,131129,74.0,36.512325,127.241315,12,세종특별시
2026-06-15T11:05:08+09:00,GBIKE,131516,100.0,36.512333,127.248965,12,세종특별시
2026-06-15T11:05:08+09:00,GBIKE,131963,78.0,36.512348,127.239948,12,세종특별시
2026-06-15T11:05:08+09:00,GBIKE,501546,46.0,36.512356,127.258412,12,세종특별시
2026-06-15T11:05:08+09:00,GBIKE,130348,78.0,36.512403,127.246254,12,세종특별시
2026-06-15T11:05:08+09:00,GBIKE,130225,56.0,36.512409,127.258374,12,세종특별시
2026-06-15T11:05:08+09:00,GBIKE,130262,52.0,36.512411,127.232968,12,세종특별시
2026-06-15T11:05:08+09:00,GBIKE,130076,57.0,36.512412,127.241664,12,세종특별시
2026-06-15T11:05:08+09:00,GBIKE,131421,45.0,36.512417,127.249923,12,세종특별시
2026-06-15T11:05:08+09:00,GBIKE,130608,95.0,36.512434,127.249435,12,세종특별시
2026-06-15T11:05:08+09:00,GBIKE,131355,100.0,36.512438,127.258036,12,세종특별시
2026-06-15T11:05:08+09:00,GBIKE,501486,67.0,36.512446,127.24361,12,세종특별시
2026-06-15T11:05:08+09:00,GBIKE,130039,65.0,36.51245,127.249384,12,세종특별시
2026-06-15T11:05:08+09:00,GBIKE,501490,86.0,36.512453,127.258403,12,세종특별시
2026-06-15T11:05:08+09:00,GBIKE,130577,55.0,36.512457,127.258416,12,세종특별시
2026-06-15T11:05:08+09:00,GBIKE,130100,94.0,36.512468,127.23994,12,세종특별시
2026-06-15T11:05:08+09:00,GBIKE,131013,72.0,36.512476,127.22938,12,세종특별시
2026-06-15T11:05:08+09:00,GBIKE,130820,54.0,36.512484,127.258354,12,세종특별시
2026-06-15T11:05:08+09:00,GBIKE,501583,47.0,36.512511,127.246028,12,세종특별시
2026-06-15T11:05:08+09:00,GBIKE,131269,65.0,36.512529,127.246109,12,세종특별시
2026-06-15T11:05:08+09:00,GBIKE,501255,64.0,36.51259,127.247085,12,세종특별시
2026-06-15T11:05:08+09:00,GBIKE,130054,67.0,36.512612,127.246751,12,세종특별시
2026-06-15T11:05:08+09:00,GBIKE,130974,77.0,36.512633,127.243064,12,세종특별시
2026-06-15T11:05:08+09:00,GBIKE,131646,84.0,36.512636,127.259282,12,세종특별시
2026-06-15T11:05:08+09:00,GBIKE,131246,79.0,36.512657,127.246135,12,세종특별시
2026-06-15T11:05:08+09:00,GBIKE,501461,100.0,36.51268,127.259314,12,세종특별시
2026-06-15T11:05:08+09:00,GBIKE,131375,67.0,36.512717,127.246281,12,세종특별시
2026-06-15T11:05:08+09:00,GBIKE,130406,54.0,36.512729,127.262119,12,세종특별시
2026-06-15T11:05:08+09:00,GBIKE,131871,76.0,36.512746,127.2426,12,세종특별시
2026-06-15T11:05:08+09:00,GBIKE,130012,75.0,36.512762,127.26218,12,세종특별시
2026-06-15T11:05:08+09:00,GBIKE,130918,97.0,36.512763,127.229375,12,세종특별시
2026-06-15T11:05:08+09:00,GBIKE,130987,97.0,36.512833,127.23311,12,세종특별시
2026-06-15T11:05:08+09:00,GBIKE,131452,69.0,36.512878,127.233127,12,세종특별시
2026-06-15T11:05:08+09:00,GBIKE,501124,82.0,36.512897,127.243163,12,세종특별시
2026-06-15T11:05:08+09:00,GBIKE,131368,84.0,36.51294,127.243314,12,세종특별시
2026-06-15T11:05:08+09:00,GBIKE,131032,68.0,36.512988,127.229406,12,세종특별시
2026-06-15T11:05:08+09:00,GBIKE,131026,69.0,36.513004,127.246006,12,세종특별시
2026-06-15T11:05:08+09:00,GBIKE,130329,57.0,36.513013,127.262808,12,세종특별시
2026-06-15T11:05:08+09:00,GBIKE,130681,99.0,36.513052,127.241355,12,세종특별시
2026-06-15T11:05:08+09:00,GBIKE,131478,67.0,36.51306,127.262016,12,세종특별시
2026-06-15T11:05:08+09:00,GBIKE,501155,68.0,36.513085,127.2622,12,세종특별시
2026-06-15T11:05:08+09:00,GBIKE,131070,73.0,36.513113,127.261852,12,세종특별시
2026-06-15T11:05:08+09:00,GBIKE,130620,97.0,36.513191,127.233089,12,세종특별시
2026-06-15T11:05:08+09:00,GBIKE,131721,92.0,36.513197,127.250424,12,세종특별시
2026-06-15T11:05:08+09:00,GBIKE,130431,95.0,36.513216,127.259544,12,세종특별시
2026-06-15T11:05:08+09:00,GBIKE,130829,91.0,36.513224,127.229603,12,세종특별시
2026-06-15T11:05:08+09:00,GBIKE,501267,75.0,36.513228,127.241678,12,세종특별시
2026-06-15T11:05:08+09:00,GBIKE,131534,68.0,36.513236,127.245878,12,세종특별시
2026-06-15T11:05:08+09:00,GBIKE,131485,63.0,36.51324,127.233061,12,세종특별시
2026-06-15T11:05:08+09:00,GBIKE,131627,34.0,36.513248,127.262909,12,세종특별시
2026-06-15T11:05:08+09:00,GBIKE,130871,90.0,36.513255,127.24342,12,세종특별시
2026-06-15T11:05:08+09:00,GBIKE,130149,62.0,36.513314,127.258465,12,세종특별시
2026-06-15T11:05:08+09:00,GBIKE,130576,98.0,36.513422,127.233023,12,세종특별시
2026-06-15T11:05:08+09:00,GBIKE,501118,42.0,36.513478,127.264287,12,세종특별시
2026-06-15T11:05:08+09:00,GBIKE,501454,95.0,36.513486,127.24171,12,세종특별시
2026-06-15T11:05:08+09:00,GBIKE,130975,68.0,36.513521,127.233227,12,세종특별시
2026-06-15T11:05:08+09:00,GBIKE,501544,93.0,36.513522,127.255342,12,세종특별시
2026-06-15T11:05:08+09:00,GBIKE,130115,57.0,36.513528,127.23299,12,세종특별시
2026-06-15T11:05:08+09:00,GBIKE,130728,89.0,36.513593,127.233237,12,세종특별시
2026-06-15T11:05:08+09:00,GBIKE,131637,86.0,36.513596,127.258965,12,세종특별시
2026-06-15T11:05:08+09:00,GBIKE,130036,74.0,36.51361,127.257781,12,세종특별시
2026-06-15T11:05:08+09:00,GBIKE,130403,43.0,36.51361,127.257776,12,세종특별시
2026-06-15T11:05:08+09:00,GBIKE,130651,96.0,36.513621,127.258988,12,세종특별시
2026-06-15T11:05:08+09:00,GBIKE,130505,78.0,36.513629,127.257902,12,세종특별시
2026-06-15T11:05:08+09:00,GBIKE,131673,100.0,36.51363,127.259036,12,세종특별시
2026-06-15T11:05:08+09:00,GBIKE,131402,48.0,36.513632,127.259039,12,세종특별시
2026-06-15T11:05:08+09:00,GBIKE,131585,93.0,36.513632,127.233217,12,세종특별시
2026-06-15T11:05:08+09:00,GBIKE,130699,59.0,36.513642,127.245747,12,세종특별시
2026-06-15T11:05:08+09:00,GBIKE,131829,100.0,36.513645,127.259047,12,세종특별시
2026-06-15T11:05:08+09:00,GBIKE,501541,100.0,36.513649,127.243505,12,세종특별시
2026-06-15T11:05:08+09:00,GBIKE,130610,92.0,36.513654,127.259467,12,세종특별시
2026-06-15T11:05:08+09:00,GBIKE,131251,81.0,36.513654,127.245277,12,세종특별시
2026-06-15T11:05:08+09:00,GBIKE,131858,52.0,36.513656,127.257721,12,세종특별시
2026-06-15T11:05:08+09:00,GBIKE,130630,92.0,36.513663,127.232921,12,세종특별시
2026-06-15T11:05:08+09:00,GBIKE,501190,64.0,36.513683,127.266713,12,세종특별시
2026-06-15T11:05:08+09:00,GBIKE,130793,47.0,36.513686,127.257716,12,세종특별시
2026-06-15T11:05:08+09:00,GBIKE,501192,89.0,36.513689,127.257813,12,세종특별시
2026-06-15T11:05:08+09:00,GBIKE,130678,96.0,36.5137,127.259499,12,세종특별시
2026-06-15T11:05:08+09:00,GBIKE,131308,86.0,36.51373,127.229406,12,세종특별시
2026-06-15T11:05:08+09:00,GBIKE,131584,52.0,36.513799,127.259551,12,세종특별시
2026-06-15T11:05:08+09:00,GBIKE,501536,72.0,36.513818,127.258501,12,세종특별시
2026-06-15T11:05:08+09:00,GBIKE,131382,52.0,36.513823,127.259503,12,세종특별시
2026-06-15T11:05:08+09:00,GBIKE,501539,100.0,36.513829,127.259279,12,세종특별시
2026-06-15T11:05:08+09:00,GBIKE,130474,92.0,36.513873,127.228899,12,세종특별시
2026-06-15T11:05:08+09:00,GBIKE,130295,56.0,36.513875,127.259442,12,세종특별시
2026-06-15T11:05:08+09:00,GBIKE,501229,100.0,36.513894,127.258999,12,세종특별시
2026-06-15T11:05:08+09:00,GBIKE,130971,94.0,36.513895,127.258928,12,세종특별시
2026-06-15T11:05:08+09:00,GBIKE,501168,100.0,36.513896,127.258993,12,세종특별시
2026-06-15T11:05:08+09:00,GBIKE,131922,59.0,36.51391,127.24334,12,세종특별시
2026-06-15T11:05:08+09:00,GBIKE,130877,100.0,36.513915,127.258945,12,세종특별시
2026-06-15T11:05:08+09:00,GBIKE,130285,100.0,36.513916,127.25893,12,세종특별시
2026-06-15T11:05:08+09:00,GBIKE,130855,42.0,36.513916,127.243369,12,세종특별시
2026-06-15T11:05:08+09:00,GBIKE,131606,39.0,36.513925,127.228888,12,세종특별시
2026-06-15T11:05:08+09:00,GBIKE,130559,100.0,36.513928,127.258751,12,세종특별시
2026-06-15T11:05:08+09:00,GBIKE,501347,100.0,36.513929,127.258997,12,세종특별시
2026-06-15T11:05:08+09:00,GBIKE,131896,38.0,36.513931,127.25966,12,세종특별시
2026-06-15T11:05:08+09:00,GBIKE,130322,72.0,36.513992,127.229359,12,세종특별시
2026-06-15T11:05:08+09:00,GBIKE,130290,78.0,36.514011,127.259375,12,세종특별시
2026-06-15T11:05:08+09:00,GBIKE,501292,54.0,36.51407,127.241793,12,세종특별시
2026-06-15T11:05:08+09:00,GBIKE,131906,55.0,36.51416,127.259324,12,세종특별시
2026-06-15T11:05:08+09:00,GBIKE,501335,51.0,36.514164,127.245925,12,세종특별시
2026-06-15T11:05:08+09:00,GBIKE,501444,52.0,36.514165,127.245728,12,세종특별시
2026-06-15T11:05:08+09:00,GBIKE,501322,84.0,36.514185,127.259312,12,세종특별시
2026-06-15T11:05:08+09:00,GBIKE,131385,53.0,36.514246,127.266465,12,세종특별시
2026-06-15T11:05:08+09:00,GBIKE,130433,72.0,36.514316,127.232889,12,세종특별시
2026-06-15T11:05:08+09:00,GBIKE,130539,77.0,36.514347,127.229209,12,세종특별시
2026-06-15T11:05:08+09:00,GBIKE,130344,83.0,36.514396,127.259259,12,세종특별시
2026-06-15T11:05:08+09:00,GBIKE,130629,49.0,36.514413,127.22947,12,세종특별시
2026-06-15T11:05:08+09:00,GBIKE,131599,69.0,36.514445,127.258926,12,세종특별시
2026-06-15T11:05:08+09:00,GBIKE,130128,55.0,36.514532,127.268014,12,세종특별시
2026-06-15T11:05:08+09:00,GBIKE,130614,94.0,36.514594,127.258867,12,세종특별시
2026-06-15T11:05:08+09:00,GBIKE,130788,52.0,36.514599,127.228328,12,세종특별시
2026-06-15T11:05:08+09:00,GBIKE,130667,49.0,36.514607,127.250611,12,세종특별시
2026-06-15T11:05:08+09:00,GBIKE,131819,96.0,36.514625,127.25878,12,세종특별시
2026-06-15T11:05:08+09:00,GBIKE,131674,78.0,36.514666,127.258825,12,세종특별시
2026-06-15T11:05:08+09:00,GBIKE,131758,34.0,36.514698,127.259062,12,세종특별시
2026-06-15T11:05:08+09:00,GBIKE,131835,97.0,36.514699,127.262658,12,세종특별시
2026-06-15T11:05:08+09:00,GBIKE,501537,60.0,36.514721,127.262751,12,세종특별시
2026-06-15T11:05:08+09:00,GBIKE,130021,88.0,36.514747,127.262828,12,세종특별시
2026-06-15T11:05:08+09:00,GBIKE,131537,50.0,36.514749,127.259241,12,세종특별시
2026-06-15T11:05:08+09:00,GBIKE,130184,30.0,36.514755,127.259228,12,세종특별시
2026-06-15T11:05:08+09:00,GBIKE,131655,79.0,36.514757,127.259167,12,세종특별시
2026-06-15T11:05:08+09:00,GBIKE,131480,48.0,36.514761,127.262829,12,세종특별시
2026-06-15T11:05:08+09:00,GBIKE,131212,98.0,36.514775,127.259197,12,세종특별시
2026-06-15T11:05:08+09:00,GBIKE,130531,100.0,36.514818,127.241723,12,세종특별시
2026-06-15T11:05:08+09:00,GBIKE,130624,100.0,36.51483,127.241709,12,세종특별시
2026-06-15T11:05:08+09:00,GBIKE,130963,46.0,36.514832,127.228719,12,세종특별시
2026-06-15T11:05:08+09:00,GBIKE,131077,80.0,36.514847,127.228633,12,세종특별시
2026-06-15T11:05:08+09:00,GBIKE,130382,45.0,36.514859,127.259758,12,세종특별시
2026-06-15T11:05:08+09:00,GBIKE,131706,52.0,36.514861,127.257435,12,세종특별시
2026-06-15T11:05:08+09:00,GBIKE,131777,40.0,36.514865,127.258538,12,세종특별시
2026-06-15T11:05:08+09:00,GBIKE,131561,75.0,36.51487,127.259249,12,세종특별시
2026-06-15T11:05:08+09:00,GBIKE,130483,57.0,36.514871,127.228833,12,세종특별시
2026-06-15T11:05:08+09:00,GBIKE,130373,88.0,36.514884,127.229627,12,세종특별시
2026-06-15T11:05:08+09:00,GBIKE,501497,80.0,36.514885,127.256679,12,세종특별시
2026-06-15T11:05:08+09:00,GBIKE,131074,100.0,36.514887,127.259193,12,세종특별시
2026-06-15T11:05:08+09:00,GBIKE,131381,89.0,36.514891,127.256673,12,세종특별시
2026-06-15T11:05:08+09:00,GBIKE,131960,87.0,36.514917,127.259188,12,세종특별시
2026-06-15T11:05:08+09:00,GBIKE,131790,79.0,36.514924,127.259202,12,세종특별시
2026-06-15T11:05:08+09:00,GBIKE,501213,47.0,36.514949,127.250721,12,세종특별시
2026-06-15T11:05:08+09:00,GBIKE,130533,100.0,36.514953,127.258371,12,세종특별시
2026-06-15T11:05:08+09:00,GBIKE,130832,90.0,36.514957,127.265968,12,세종특별시
2026-06-15T11:05:08+09:00,GBIKE,130256,95.0,36.515162,127.241681,12,세종특별시
2026-06-15T11:05:08+09:00,GBIKE,501569,77.0,36.515189,127.259134,12,세종특별시
2026-06-15T11:05:08+09:00,GBIKE,130491,47.0,36.515193,127.262584,12,세종특별시
2026-06-15T11:05:08+09:00,GBIKE,131252,52.0,36.515197,127.265827,12,세종특별시
2026-06-15T11:05:08+09:00,GBIKE,130818,95.0,36.515258,127.239026,12,세종특별시
2026-06-15T11:05:08+09:00,GBIKE,130771,65.0,36.515288,127.258826,12,세종특별시
2026-06-15T11:05:08+09:00,GBIKE,501445,92.0,36.515365,127.258753,12,세종특별시
2026-06-15T11:05:08+09:00,GBIKE,130458,55.0,36.515421,127.258772,12,세종특별시
2026-06-15T11:05:08+09:00,GBIKE,130513,73.0,36.515503,127.257953,12,세종특별시
2026-06-15T11:05:08+09:00,GBIKE,130935,74.0,36.51552,127.23326,12,세종특별시
2026-06-15T11:05:08+09:00,GBIKE,131787,88.0,36.51552,127.265689,12,세종특별시
2026-06-15T11:05:08+09:00,GBIKE,131191,63.0,36.515602,127.233527,12,세종특별시
2026-06-15T11:05:08+09:00,GBIKE,131615,60.0,36.515619,127.233751,12,세종특별시
2026-06-15T11:05:08+09:00,GBIKE,130725,97.0,36.515632,127.233529,12,세종특별시
2026-06-15T11:05:08+09:00,GBIKE,130557,83.0,36.515841,127.265834,12,세종특별시
2026-06-15T11:05:08+09:00,GBIKE,130323,50.0,36.515848,127.265441,12,세종특별시
2026-06-15T11:05:08+09:00,GBIKE,501423,79.0,36.515852,127.250854,12,세종특별시
2026-06-15T11:05:08+09:00,GBIKE,131918,91.0,36.515909,127.26444,12,세종특별시
2026-06-15T11:05:08+09:00,GBIKE,130580,97.0,36.51591,127.266797,12,세종특별시
2026-06-15T11:05:08+09:00,GBIKE,131594,65.0,36.515935,127.264479,12,세종특별시
2026-06-15T11:05:08+09:00,GBIKE,130051,57.0,36.515941,127.255789,12,세종특별시
2026-06-15T11:05:08+09:00,GBIKE,131422,49.0,36.516005,127.261698,12,세종특별시
2026-06-15T11:05:08+09:00,GBIKE,130207,91.0,36.516006,127.258707,12,세종특별시
2026-06-15T11:05:08+09:00,GBIKE,130485,91.0,36.516025,127.233923,12,세종특별시
2026-06-15T11:05:08+09:00,GBIKE,501272,55.0,36.516041,127.258082,12,세종특별시
2026-06-15T11:05:08+09:00,GBIKE,130530,65.0,36.516043,127.26187,12,세종특별시
2026-06-15T11:05:08+09:00,GBIKE,131781,82.0,36.516047,127.255946,12,세종특별시
2026-06-15T11:05:08+09:00,GBIKE,501589,58.0,36.516084,127.228107,12,세종특별시
2026-06-15T11:05:08+09:00,GBIKE,501590,61.0,36.516133,127.241663,12,세종특별시
2026-06-15T11:05:08+09:00,GBIKE,130521,80.0,36.516165,127.262261,12,세종특별시
2026-06-15T11:05:08+09:00,GBIKE,131481,51.0,36.516221,127.228194,12,세종특별시
2026-06-15T11:05:08+09:00,GBIKE,130073,60.0,36.516222,127.26234,12,세종특별시
2026-06-15T11:05:08+09:00,GBIKE,131872,95.0,36.516257,127.262322,12,세종특별시
2026-06-15T11:05:08+09:00,GBIKE,131562,82.0,36.516281,127.262302,12,세종특별시
2026-06-15T11:05:08+09:00,GBIKE,130432,98.0,36.516299,127.258336,12,세종특별시
2026-06-15T11:05:08+09:00,GBIKE,501327,80.0,36.516304,127.257755,12,세종특별시
2026-06-15T11:05:08+09:00,GBIKE,131209,86.0,36.516348,127.259285,12,세종특별시
2026-06-15T11:05:08+09:00,GBIKE,130056,50.0,36.516357,127.262397,12,세종특별시
2026-06-15T11:05:08+09:00,GBIKE,131011,76.0,36.516391,127.261991,12,세종특별시
2026-06-15T11:05:08+09:00,GBIKE,130719,77.0,36.516404,127.241456,12,세종특별시
2026-06-15T11:05:08+09:00,GBIKE,130722,73.0,36.516407,127.241438,12,세종특별시
2026-06-15T11:05:08+09:00,GBIKE,501343,77.0,36.516416,127.241441,12,세종특별시
2026-06-15T11:05:08+09:00,GBIKE,501249,44.0,36.516425,127.241515,12,세종특별시
2026-06-15T11:05:08+09:00,GBIKE,131328,82.0,36.516428,127.234893,12,세종특별시
2026-06-15T11:05:08+09:00,GBIKE,501448,89.0,36.516428,127.241656,12,세종특별시
2026-06-15T11:05:08+09:00,GBIKE,501594,66.0,36.516442,127.24451,12,세종특별시
2026-06-15T11:05:08+09:00,GBIKE,131161,43.0,36.516446,127.24144,12,세종특별시
2026-06-15T11:05:08+09:00,GBIKE,130623,64.0,36.516448,127.241462,12,세종특별시
2026-06-15T11:05:08+09:00,GBIKE,130947,55.0,36.516459,127.241456,12,세종특별시
2026-06-15T11:05:08+09:00,GBIKE,131882,100.0,36.516471,127.241456,12,세종특별시
2026-06-15T11:05:08+09:00,GBIKE,130718,46.0,36.516485,127.241439,12,세종특별시
2026-06-15T11:05:08+09:00,GBIKE,131192,75.0,36.51652,127.241479,12,세종특별시
2026-06-15T11:05:08+09:00,GBIKE,131720,66.0,36.51652,127.255745,12,세종특별시
2026-06-15T11:05:08+09:00,GBIKE,131016,51.0,36.516521,127.241471,12,세종특별시
2026-06-15T11:05:08+09:00,GBIKE,130496,85.0,36.516587,127.228715,12,세종특별시
2026-06-15T11:05:08+09:00,GBIKE,130205,83.0,36.516683,127.251668,12,세종특별시
2026-06-15T11:05:08+09:00,GBIKE,130827,51.0,36.51671,127.259109,12,세종특별시
2026-06-15T11:05:08+09:00,GBIKE,131769,94.0,36.516777,127.265238,12,세종특별시
2026-06-15T11:05:08+09:00,GBIKE,130939,74.0,36.516933,127.259202,12,세종특별시
2026-06-15T11:05:08+09:00,GBIKE,130932,68.0,36.516943,127.249404,12,세종특별시
2026-06-15T11:05:08+09:00,GBIKE,501422,77.0,36.517064,127.239198,12,세종특별시
2026-06-15T11:05:08+09:00,GBIKE,501162,59.0,36.517145,127.229328,12,세종특별시
2026-06-15T11:05:08+09:00,GBIKE,131508,83.0,36.51725,127.264718,12,세종특별시
2026-06-15T11:05:08+09:00,GBIKE,130778,77.0,36.517306,127.231073,12,세종특별시
2026-06-15T11:05:08+09:00,GBIKE,131618,81.0,36.517377,127.258684,12,세종특별시
2026-06-15T11:05:08+09:00,GBIKE,358231,30.0,36.51742,127.23707,12,세종특별시
2026-06-15T11:05:08+09:00,GBIKE,131159,82.0,36.517443,127.231522,12,세종특별시
2026-06-15T11:05:08+09:00,GBIKE,130198,94.0,36.517534,127.262032,12,세종특별시
2026-06-15T11:05:08+09:00,GBIKE,131711,86.0,36.517544,127.264913,12,세종특별시
2026-06-15T11:05:08+09:00,GBIKE,130319,77.0,36.517631,127.229326,12,세종특별시
2026-06-15T11:05:08+09:00,GBIKE,501111,94.0,36.517712,127.258712,12,세종특별시
2026-06-15T11:05:08+09:00,GBIKE,131658,99.0,36.517724,127.259263,12,세종특별시
2026-06-15T11:05:08+09:00,GBIKE,131392,41.0,36.517754,127.241381,12,세종특별시
2026-06-15T11:05:08+09:00,GBIKE,131116,80.0,36.517782,127.236981,12,세종특별시
2026-06-15T11:05:08+09:00,GBIKE,130645,47.0,36.517818,127.252243,12,세종특별시
2026-06-15T11:05:08+09:00,GBIKE,131814,88.0,36.51782,127.252185,12,세종특별시
2026-06-15T11:05:08+09:00,GBIKE,130353,85.0,36.517829,127.245578,12,세종특별시
2026-06-15T11:05:08+09:00,GBIKE,131912,96.0,36.517899,127.261576,12,세종특별시
2026-06-15T11:05:08+09:00,GBIKE,131036,53.0,36.51791,127.234639,12,세종특별시
2026-06-15T11:05:08+09:00,GBIKE,131181,95.0,36.517948,127.232477,12,세종특별시
2026-06-15T11:05:08+09:00,GBIKE,501120,93.0,36.517949,127.261951,12,세종특별시
2026-06-15T11:05:08+09:00,GBIKE,501119,86.0,36.517999,127.229794,12,세종특별시
2026-06-15T11:05:08+09:00,GBIKE,130840,97.0,36.518007,127.232298,12,세종특별시
2026-06-15T11:05:08+09:00,GBIKE,131897,99.0,36.518027,127.25202,12,세종특별시
2026-06-15T11:05:08+09:00,GBIKE,131631,87.0,36.518039,127.252004,12,세종특별시
2026-06-15T11:05:08+09:00,GBIKE,131554,96.0,36.518055,127.252001,12,세종특별시
2026-06-15T11:05:08+09:00,GBIKE,131576,95.0,36.51807,127.251992,12,세종특별시
2026-06-15T11:05:08+09:00,GBIKE,130231,74.0,36.518079,127.252305,12,세종특별시
2026-06-15T11:05:08+09:00,GBIKE,131152,95.0,36.518105,127.252324,12,세종특별시
2026-06-15T11:05:08+09:00,GBIKE,130275,99.0,36.518112,127.252335,12,세종특별시
2026-06-15T11:05:08+09:00,GBIKE,131105,95.0,36.518119,127.233863,12,세종특별시
2026-06-15T11:05:08+09:00,GBIKE,131124,58.0,36.518128,127.234565,12,세종특별시
2026-06-15T11:05:08+09:00,GBIKE,131996,46.0,36.51813,127.232752,12,세종특별시
2026-06-15T11:05:08+09:00,GBIKE,130104,99.0,36.518143,127.252022,12,세종특별시
2026-06-15T11:05:08+09:00,GBIKE,131987,97.0,36.518143,127.234904,12,세종특별시
2026-06-15T11:05:08+09:00,GBIKE,501586,69.0,36.518165,127.23273,12,세종특별시
2026-06-15T11:05:08+09:00,GBIKE,130760,81.0,36.518193,127.23518,12,세종특별시
2026-06-15T11:05:08+09:00,GBIKE,130690,86.0,36.51822,127.235148,12,세종특별시
2026-06-15T11:05:08+09:00,GBIKE,130466,90.0,36.518223,127.263463,12,세종특별시
2026-06-15T11:05:08+09:00,GBIKE,130915,71.0,36.518249,127.231972,12,세종특별시
2026-06-15T11:05:08+09:00,GBIKE,131294,97.0,36.518266,127.263216,12,세종특별시
2026-06-15T11:05:08+09:00,GBIKE,130950,99.0,36.518274,127.252121,12,세종특별시
2026-06-15T11:05:08+09:00,GBIKE,130159,95.0,36.518323,127.232556,12,세종특별시
2026-06-15T11:05:08+09:00,GBIKE,130366,80.0,36.518354,127.232215,12,세종특별시
2026-06-15T11:05:08+09:00,GBIKE,131740,64.0,36.518396,127.263805,12,세종특별시
2026-06-15T11:05:08+09:00,GBIKE,130764,77.0,36.518408,127.232293,12,세종특별시
2026-06-15T11:05:08+09:00,GBIKE,130911,60.0,36.518432,127.261986,12,세종특별시
2026-06-15T11:05:08+09:00,GBIKE,130416,100.0,36.518448,127.232636,12,세종특별시
2026-06-15T11:05:08+09:00,GBIKE,130854,43.0,36.51846,127.249978,12,세종특별시
2026-06-15T11:05:08+09:00,GBIKE,131374,94.0,36.518528,127.257318,12,세종특별시
2026-06-15T11:05:08+09:00,GBIKE,130597,71.0,36.518569,127.245475,12,세종특별시
2026-06-15T11:05:08+09:00,GBIKE,131671,31.0,36.518582,127.234718,12,세종특별시
2026-06-15T11:05:08+09:00,GBIKE,131151,92.0,36.518602,127.234965,12,세종특별시
2026-06-15T11:05:08+09:00,GBIKE,131862,66.0,36.518624,127.246332,12,세종특별시
2026-06-15T11:05:08+09:00,GBIKE,131142,64.0,36.518667,127.252525,12,세종특별시
2026-06-15T11:05:08+09:00,GBIKE,130189,91.0,36.518737,127.247454,12,세종특별시
2026-06-15T11:05:08+09:00,GBIKE,130536,100.0,36.518747,127.233757,12,세종특별시
2026-06-15T11:05:08+09:00,GBIKE,358227,99.0,36.518761,127.245071,12,세종특별시
2026-06-15T11:05:08+09:00,GBIKE,501432,84.0,36.518769,127.234763,12,세종특별시
2026-06-15T11:05:08+09:00,GBIKE,131983,83.0,36.518789,127.24466,12,세종특별시
2026-06-15T11:05:08+09:00,GBIKE,131693,51.0,36.518798,127.235543,12,세종특별시
2026-06-15T11:05:08+09:00,GBIKE,130101,99.0,36.518819,127.235496,12,세종특별시
2026-06-15T11:05:08+09:00,GBIKE,131940,95.0,36.518826,127.235682,12,세종특별시
2026-06-15T11:05:08+09:00,GBIKE,130938,47.0,36.518867,127.235556,12,세종특별시
2026-06-15T11:05:08+09:00,GBIKE,130277,52.0,36.518876,127.235548,12,세종특별시
2026-06-15T11:05:08+09:00,GBIKE,131190,59.0,36.518882,127.235752,12,세종특별시
2026-06-15T11:05:08+09:00,GBIKE,130185,92.0,36.5189,127.232977,12,세종특별시
2026-06-15T11:05:08+09:00,GBIKE,131112,71.0,36.518902,127.245879,12,세종특별시
2026-06-15T11:05:08+09:00,GBIKE,131744,72.0,36.518909,127.235856,12,세종특별시
2026-06-15T11:05:08+09:00,GBIKE,131540,47.0,36.518947,127.235608,12,세종특별시
2026-06-15T11:05:08+09:00,GBIKE,501158,85.0,36.518976,127.246563,12,세종특별시
2026-06-15T11:05:08+09:00,GBIKE,131729,95.0,36.51898,127.252598,12,세종특별시
2026-06-15T11:05:08+09:00,GBIKE,130628,46.0,36.518991,127.256232,12,세종특별시
2026-06-15T11:05:08+09:00,GBIKE,130563,71.0,36.518995,127.235084,12,세종특별시
2026-06-15T11:05:08+09:00,GBIKE,131306,81.0,36.519114,127.249186,12,세종특별시
2026-06-15T11:05:08+09:00,GBIKE,130999,95.0,36.519178,127.249383,12,세종특별시
2026-06-15T11:05:08+09:00,GBIKE,131495,95.0,36.519191,127.236279,12,세종특별시
2026-06-15T11:05:08+09:00,GBIKE,130888,68.0,36.51921,127.248549,12,세종특별시
2026-06-15T11:05:08+09:00,GBIKE,131449,94.0,36.519216,127.236205,12,세종특별시
2026-06-15T11:05:08+09:00,GBIKE,131763,88.0,36.519216,127.236269,12,세종특별시
2026-06-15T11:05:08+09:00,GBIKE,130892,64.0,36.519257,127.251344,12,세종특별시
2026-06-15T11:05:08+09:00,GBIKE,130283,96.0,36.519302,127.248654,12,세종특별시
2026-06-15T11:05:08+09:00,GBIKE,130088,100.0,36.519322,127.252555,12,세종특별시
2026-06-15T11:05:08+09:00,GBIKE,131895,64.0,36.51934,127.249362,12,세종특별시
2026-06-15T11:05:08+09:00,GBIKE,130246,49.0,36.519376,127.252928,12,세종특별시
2026-06-15T11:05:08+09:00,GBIKE,130602,65.0,36.519418,127.252808,12,세종특별시
2026-06-15T11:05:08+09:00,GBIKE,131821,78.0,36.519433,127.235263,12,세종특별시
2026-06-15T11:05:08+09:00,GBIKE,131812,54.0,36.519456,127.235744,12,세종특별시
2026-06-15T11:05:08+09:00,GBIKE,130265,59.0,36.519477,127.252897,12,세종특별시
2026-06-15T11:05:08+09:00,GBIKE,130734,87.0,36.51952,127.250306,12,세종특별시
2026-06-15T11:05:08+09:00,GBIKE,501435,61.0,36.519696,127.23403,12,세종특별시
2026-06-15T11:05:08+09:00,GBIKE,131344,52.0,36.519721,127.235202,12,세종특별시
2026-06-15T11:05:08+09:00,GBIKE,131822,80.0,36.519727,127.2353,12,세종특별시
2026-06-15T11:05:08+09:00,GBIKE,131757,96.0,36.51973,127.23574,12,세종특별시
2026-06-15T11:05:08+09:00,GBIKE,131156,52.0,36.519756,127.235623,12,세종특별시
2026-06-15T11:05:08+09:00,GBIKE,131391,82.0,36.519804,127.235336,12,세종특별시
2026-06-15T11:05:08+09:00,GBIKE,131068,58.0,36.519853,127.235765,12,세종특별시
2026-06-15T11:05:08+09:00,GBIKE,131128,66.0,36.519905,127.236808,12,세종특별시
2026-06-15T11:05:08+09:00,GBIKE,131685,47.0,36.519923,127.236175,12,세종특별시
2026-06-15T11:05:08+09:00,GBIKE,130858,88.0,36.519934,127.236241,12,세종특별시
2026-06-15T11:05:08+09:00,GBIKE,131193,95.0,36.519964,127.236225,12,세종특별시
2026-06-15T11:05:08+09:00,GBIKE,130869,84.0,36.520051,127.236942,12,세종특별시
2026-06-15T11:05:08+09:00,GBIKE,130077,90.0,36.52011,127.236434,12,세종특별시
2026-06-15T11:05:08+09:00,GBIKE,501531,87.0,36.520247,127.236219,12,세종특별시
2026-06-15T11:05:08+09:00,GBIKE,501287,50.0,36.520254,127.235445,12,세종특별시
2026-06-15T11:05:08+09:00,GBIKE,501256,69.0,36.520321,127.25226,12,세종특별시
2026-06-15T11:05:08+09:00,GBIKE,131012,45.0,36.520327,127.236456,12,세종특별시
2026-06-15T11:05:08+09:00,GBIKE,131697,70.0,36.520373,127.23632,12,세종특별시
2026-06-15T11:05:08+09:00,GBIKE,130193,86.0,36.520836,127.247111,12,세종특별시
2026-06-15T11:05:08+09:00,GBIKE,501358,47.0,36.521096,127.262153,12,세종특별시
2026-06-15T11:05:08+09:00,GBIKE,501134,59.0,36.521097,127.262173,12,세종특별시
2026-06-15T11:05:08+09:00,GBIKE,130340,93.0,36.521102,127.233168,12,세종특별시
2026-06-15T11:05:08+09:00,GBIKE,501143,95.0,36.52119,127.261889,12,세종특별시
2026-06-15T11:05:08+09:00,GBIKE,501385,54.0,36.521458,127.251341,12,세종특별시
2026-06-15T11:05:08+09:00,GBIKE,130465,95.0,36.521472,127.232881,12,세종특별시
2026-06-15T11:05:08+09:00,GBIKE,131722,87.0,36.521547,127.233739,12,세종특별시
2026-06-15T11:05:08+09:00,GBIKE,501398,46.0,36.521556,127.247839,12,세종특별시
2026-06-15T11:05:08+09:00,GBIKE,130470,100.0,36.521679,127.233303,12,세종특별시
2026-06-15T11:05:08+09:00,GBIKE,131850,51.0,36.521712,127.23337,12,세종특별시
2026-06-15T11:05:08+09:00,GBIKE,131229,39.0,36.521717,127.233367,12,세종특별시
2026-06-15T11:05:08+09:00,GBIKE,130357,30.0,36.521724,127.233397,12,세종특별시
2026-06-15T11:05:08+09:00,GBIKE,130111,54.0,36.521778,127.233352,12,세종특별시
2026-06-15T11:05:08+09:00,GBIKE,130828,91.0,36.521789,127.234068,12,세종특별시
2026-06-15T11:05:08+09:00,GBIKE,501507,71.0,36.521833,127.248988,12,세종특별시
2026-06-15T11:05:08+09:00,GBIKE,131621,77.0,36.52186,127.23418,12,세종특별시
2026-06-15T11:05:08+09:00,GBIKE,130767,48.0,36.521876,127.234251,12,세종특별시
2026-06-15T11:05:08+09:00,GBIKE,130401,63.0,36.521892,127.234288,12,세종특별시
2026-06-15T11:05:08+09:00,GBIKE,130464,100.0,36.521911,127.234154,12,세종특별시
2026-06-15T11:05:08+09:00,GBIKE,130575,83.0,36.521922,127.234322,12,세종특별시
2026-06-15T11:05:08+09:00,GBIKE,130962,52.0,36.52195,127.234496,12,세종특별시
2026-06-15T11:05:08+09:00,GBIKE,131914,88.0,36.521988,127.249266,12,세종특별시
2026-06-15T11:05:08+09:00,GBIKE,130061,54.0,36.521994,127.248946,12,세종특별시
2026-06-15T11:05:08+09:00,GBIKE,130656,99.0,36.522071,127.234201,12,세종특별시
2026-06-15T11:05:08+09:00,GBIKE,131662,75.0,36.522161,127.23419,12,세종특별시
2026-06-15T11:05:08+09:00,GBIKE,130520,49.0,36.522167,127.234236,12,세종특별시
2026-06-15T11:05:08+09:00,GBIKE,130983,55.0,36.522184,127.234308,12,세종특별시
2026-06-15T11:05:08+09:00,GBIKE,131860,58.0,36.522199,127.234264,12,세종특별시
2026-06-15T11:05:08+09:00,GBIKE,131771,37.0,36.522316,127.234552,12,세종특별시
2026-06-15T11:05:08+09:00,GBIKE,130894,52.0,36.52234,127.234566,12,세종특별시
2026-06-15T11:05:08+09:00,GBIKE,131852,54.0,36.522363,127.23455,12,세종특별시
2026-06-15T11:05:08+09:00,GBIKE,130114,72.0,36.522379,127.232328,12,세종특별시
2026-06-15T11:05:08+09:00,GBIKE,131189,100.0,36.522415,127.235149,12,세종특별시
2026-06-15T11:05:08+09:00,GBIKE,131316,82.0,36.522517,127.232273,12,세종특별시
2026-06-15T11:05:08+09:00,GBIKE,130292,97.0,36.522543,127.232381,12,세종특별시
2026-06-15T11:05:08+09:00,GBIKE,130542,99.0,36.522547,127.232368,12,세종특별시
2026-06-15T11:05:08+09:00,GBIKE,130423,89.0,36.522567,127.232363,12,세종특별시
2026-06-15T11:05:08+09:00,GBIKE,130343,42.0,36.522834,127.26756,12,세종특별시
2026-06-15T11:05:08+09:00,GBIKE,501244,31.0,36.523177,127.267486,12,세종특별시
2026-06-15T11:05:08+09:00,GBIKE,501512,100.0,36.523183,127.267507,12,세종특별시
2026-06-15T11:05:08+09:00,GBIKE,131078,76.0,36.523192,127.23284,12,세종특별시
2026-06-15T11:05:08+09:00,GBIKE,131601,30.0,36.523584,127.26687,12,세종특별시
2026-06-15T11:05:08+09:00,GBIKE,130798,58.0,36.523829,127.277054,12,세종특별시
2026-06-15T11:05:08+09:00,GBIKE,130787,100.0,36.524122,127.269648,12,세종특별시
2026-06-15T11:05:08+09:00,GBIKE,131613,65.0,36.52415,127.241251,12,세종특별시
2026-06-15T11:05:08+09:00,GBIKE,131543,79.0,36.524294,127.277215,12,세종특별시
2026-06-15T11:05:08+09:00,GBIKE,131350,96.0,36.524306,127.277221,12,세종특별시
2026-06-15T11:05:08+09:00,GBIKE,130927,78.0,36.524514,127.272845,12,세종특별시
2026-06-15T11:05:08+09:00,GBIKE,130302,30.0,36.524988,127.275997,12,세종특별시
2026-06-15T11:05:08+09:00,GBIKE,131484,84.0,36.524994,127.27589,12,세종특별시
2026-06-15T11:05:08+09:00,GBIKE,501570,66.0,36.525044,127.261124,12,세종특별시
2026-06-15T11:05:08+09:00,GBIKE,131430,95.0,36.525061,127.2617,12,세종특별시
2026-06-15T11:05:08+09:00,GBIKE,131244,83.0,36.525068,127.261677,12,세종특별시
2026-06-15T11:05:08+09:00,GBIKE,131743,100.0,36.525071,127.26166,12,세종특별시
2026-06-15T11:05:08+09:00,GBIKE,131213,30.0,36.526456,127.256538,12,세종특별시
2026-06-15T11:05:08+09:00,GBIKE,131670,58.0,36.5266,127.262478,12,세종특별시
2026-06-15T11:05:08+09:00,GBIKE,131723,95.0,36.526943,127.256978,12,세종특별시
2026-06-15T11:05:08+09:00,GBIKE,131730,34.0,36.527064,127.269683,12,세종특별시
2026-06-15T11:05:08+09:00,GBIKE,130307,30.0,36.527097,127.263611,12,세종특별시
2026-06-15T11:05:08+09:00,GBIKE,130890,74.0,36.527537,127.263212,12,세종특별시
2026-06-15T11:05:08+09:00,GBIKE,130753,39.0,36.527769,127.264259,12,세종특별시
2026-06-15T11:05:08+09:00,GBIKE,130387,70.0,36.52826,127.267564,12,세종특별시
2026-06-15T11:05:08+09:00,GBIKE,130641,74.0,36.5283,127.265649,12,세종특별시
2026-06-15T11:05:08+09:00,GBIKE,501250,78.0,36.528546,127.262419,12,세종특별시
2026-06-15T11:05:08+09:00,GBIKE,131044,100.0,36.528598,127.265028,12,세종특별시
2026-06-15T11:05:08+09:00,GBIKE,130900,53.0,36.528737,127.264173,12,세종특별시
2026-06-15T11:05:08+09:00,GBIKE,130142,84.0,36.528753,127.256978,12,세종특별시
2026-06-15T11:05:08+09:00,GBIKE,501316,40.0,36.528787,127.26502,12,세종특별시
2026-06-15T11:05:08+09:00,GBIKE,130852,100.0,36.528814,127.264424,12,세종특별시
2026-06-15T11:05:08+09:00,GBIKE,131919,81.0,36.528877,127.26538,12,세종특별시
2026-06-15T11:05:08+09:00,GBIKE,131281,55.0,36.529105,127.257914,12,세종특별시
2026-06-15T11:05:08+09:00,GBIKE,131073,58.0,36.529108,127.264684,12,세종특별시
2026-06-15T11:05:08+09:00,GBIKE,131592,66.0,36.529207,127.256085,12,세종특별시
2026-06-15T11:05:08+09:00,GBIKE,501146,54.0,36.529274,127.265927,12,세종특별시
2026-06-15T11:05:08+09:00,GBIKE,131939,36.0,36.52929,127.264327,12,세종특별시
2026-06-15T11:05:08+09:00,GBIKE,130802,53.0,36.529299,127.261524,12,세종특별시
2026-06-15T11:05:08+09:00,GBIKE,130251,95.0,36.529302,127.26633,12,세종특별시
2026-06-15T11:05:08+09:00,GBIKE,130659,47.0,36.529303,127.264768,12,세종특별시
2026-06-15T11:05:08+09:00,GBIKE,131733,30.0,36.529366,127.266331,12,세종특별시
2026-06-15T11:05:08+09:00,GBIKE,131021,45.0,36.529367,127.260458,12,세종특별시
2026-06-15T11:05:08+09:00,GBIKE,131756,82.0,36.529436,127.264974,12,세종특별시
2026-06-15T11:05:08+09:00,GBIKE,130506,51.0,36.529458,127.264398,12,세종특별시
2026-06-15T11:05:08+09:00,GBIKE,131383,31.0,36.529491,127.264408,12,세종특별시
2026-06-15T11:05:08+09:00,GBIKE,130582,39.0,36.529534,127.264489,12,세종특별시
2026-06-15T11:05:08+09:00,GBIKE,131750,89.0,36.529543,127.26452,12,세종특별시
2026-06-15T11:05:08+09:00,GBIKE,501326,60.0,36.529598,127.26782,12,세종특별시
2026-06-15T11:05:08+09:00,GBIKE,131877,64.0,36.529602,127.264503,12,세종특별시
2026-06-15T11:05:08+09:00,GBIKE,501550,36.0,36.529629,127.26787,12,세종특별시
2026-06-15T11:05:08+09:00,GBIKE,130803,39.0,36.529721,127.255199,12,세종특별시
2026-06-15T11:05:08+09:00,GBIKE,131633,60.0,36.529761,127.254992,12,세종특별시
2026-06-15T11:05:08+09:00,GBIKE,131291,37.0,36.529763,127.254967,12,세종특별시
2026-06-15T11:05:08+09:00,GBIKE,130810,35.0,36.529771,127.254976,12,세종특별시
2026-06-15T11:05:08+09:00,GBIKE,130317,34.0,36.529784,127.254931,12,세종특별시
2026-06-15T11:05:08+09:00,GBIKE,131179,100.0,36.529799,127.254884,12,세종특별시
2026-06-15T11:05:08+09:00,GBIKE,131158,90.0,36.529802,127.254899,12,세종특별시
2026-06-15T11:05:08+09:00,GBIKE,131553,36.0,36.529815,127.254925,12,세종특별시
2026-06-15T11:05:08+09:00,GBIKE,131170,41.0,36.529875,127.265457,12,세종특별시
2026-06-15T11:05:08+09:00,GBIKE,130658,65.0,36.52997,127.258467,12,세종특별시
2026-06-15T11:05:08+09:00,GBIKE,130806,68.0,36.530104,127.258814,12,세종특별시
2026-06-15T11:05:08+09:00,GBIKE,130499,42.0,36.530158,127.267369,12,세종특별시
2026-06-15T11:05:08+09:00,GBIKE,130949,34.0,36.530185,127.26509,12,세종특별시
2026-06-15T11:05:08+09:00,GBIKE,130187,81.0,36.530237,127.258695,12,세종특별시
2026-06-15T11:05:08+09:00,GBIKE,501474,98.0,36.530418,127.266851,12,세종특별시
2026-06-15T11:05:08+09:00,GBIKE,131186,72.0,36.530444,127.265414,12,세종특별시
2026-06-15T11:05:08+09:00,GBIKE,501526,95.0,36.530481,127.268489,12,세종특별시
2026-06-15T11:05:08+09:00,GBIKE,131676,37.0,36.530537,127.26686,12,세종특별시
2026-06-15T11:05:08+09:00,GBIKE,131641,65.0,36.53056,127.258715,12,세종특별시
2026-06-15T11:05:08+09:00,GBIKE,130684,47.0,36.530758,127.262282,12,세종특별시
2026-06-15T11:05:08+09:00,GBIKE,131608,100.0,36.530766,127.259073,12,세종특별시
2026-06-15T11:05:08+09:00,GBIKE,131446,87.0,36.530858,127.26254,12,세종특별시
2026-06-15T11:05:08+09:00,GBIKE,130316,100.0,36.530889,127.253048,12,세종특별시
2026-06-15T11:05:08+09:00,GBIKE,130882,95.0,36.530905,127.262501,12,세종특별시
2026-06-15T11:05:08+09:00,GBIKE,131736,51.0,36.530911,127.253074,12,세종특별시
2026-06-15T11:05:08+09:00,GBIKE,130297,42.0,36.530926,127.253552,12,세종특별시
2026-06-15T11:05:08+09:00,GBIKE,131907,31.0,36.530945,127.259345,12,세종특별시
2026-06-15T11:05:08+09:00,GBIKE,130586,37.0,36.530949,127.253546,12,세종특별시
2026-06-15T11:05:08+09:00,GBIKE,131104,36.0,36.530949,127.259329,12,세종특별시
2026-06-15T11:05:08+09:00,GBIKE,343326,35.0,36.531011,127.259373,12,세종특별시
2026-06-15T11:05:08+09:00,GBIKE,130440,62.0,36.531031,127.266206,12,세종특별시
2026-06-15T11:05:08+09:00,GBIKE,131389,61.0,36.531071,127.253981,12,세종특별시
2026-06-15T11:05:08+09:00,GBIKE,130028,39.0,36.531083,127.253641,12,세종특별시
2026-06-15T11:05:08+09:00,GBIKE,131010,100.0,36.531107,127.259461,12,세종특별시
2026-06-15T11:05:08+09:00,GBIKE,130585,32.0,36.531124,127.254075,12,세종특별시
2026-06-15T11:05:08+09:00,GBIKE,131958,100.0,36.531297,127.254568,12,세종특별시
2026-06-15T11:05:08+09:00,GBIKE,131437,72.0,36.531326,127.261852,12,세종특별시
2026-06-15T11:05:08+09:00,GBIKE,130874,68.0,36.531409,127.265584,12,세종특별시
2026-06-15T11:05:08+09:00,GBIKE,130400,87.0,36.531569,127.268284,12,세종특별시
2026-06-15T11:05:08+09:00,GBIKE,131582,62.0,36.531582,127.261837,12,세종특별시
2026-06-15T11:05:08+09:00,GBIKE,131394,37.0,36.531763,127.255333,12,세종특별시
2026-06-15T11:05:08+09:00,GBIKE,131649,89.0,36.531995,127.264175,12,세종특별시
2026-06-15T11:05:08+09:00,GBIKE,501488,84.0,36.532019,127.261144,12,세종특별시
2026-06-15T11:05:08+09:00,GBIKE,130413,95.0,36.532158,127.264345,12,세종특별시
2026-06-15T11:05:08+09:00,GBIKE,501330,74.0,36.532165,127.265352,12,세종특별시
2026-06-15T11:05:08+09:00,GBIKE,130216,59.0,36.532501,127.265433,12,세종특별시
2026-06-15T11:05:08+09:00,GBIKE,501240,30.0,36.532582,127.257046,12,세종특별시
2026-06-15T11:05:08+09:00,GBIKE,130822,55.0,36.532708,127.264991,12,세종특별시
2026-06-15T11:05:08+09:00,GBIKE,131700,100.0,36.532796,127.265312,12,세종특별시
2026-06-15T11:05:08+09:00,GBIKE,130754,53.0,36.533573,127.266126,12,세종특별시
2026-06-15T11:05:08+09:00,GBIKE,501369,45.0,36.533647,127.262403,12,세종특별시
2026-06-15T11:05:08+09:00,GBIKE,130079,37.0,36.533664,127.266015,12,세종특별시
2026-06-15T11:05:08+09:00,GBIKE,130257,33.0,36.533682,127.266235,12,세종특별시
2026-06-15T11:05:08+09:00,GBIKE,130118,95.0,36.533691,127.266104,12,세종특별시
2026-06-15T11:05:08+09:00,GBIKE,501281,100.0,36.533743,127.265685,12,세종특별시
2026-06-15T11:05:08+09:00,GBIKE,131292,83.0,36.533845,127.264199,12,세종특별시
2026-06-15T11:05:08+09:00,GBIKE,501156,39.0,36.533879,127.26604,12,세종특별시
2026-06-15T11:05:08+09:00,GBIKE,130312,42.0,36.534569,127.262621,12,세종특별시
2026-06-15T11:05:08+09:00,GBIKE,301478,50.0,36.542767,127.36581,12,세종특별시
2026-06-15T11:05:08+09:00,GBIKE,501559,100.0,36.542932,127.36435,12,세종특별시
2026-06-15T11:05:08+09:00,GBIKE,130671,39.0,36.582035,127.267715,12,세종특별시
2026-06-15T11:05:08+09:00,GBIKE,385850,30.0,36.585196,127.369438,12,세종특별시
2026-06-15T11:05:08+09:00,GBIKE,385504,61.0,36.585886,127.295251,12,세종특별시
2026-06-15T11:05:08+09:00,GBIKE,344002,35.0,36.587695,127.297221,12,세종특별시
2026-06-15T11:05:08+09:00,GBIKE,131840,60.0,36.588277,127.234817,12,세종특별시
2026-06-15T11:05:08+09:00,GBIKE,616296,75.0,36.58857,127.295577,12,세종특별시
2026-06-15T11:05:08+09:00,GBIKE,384782,62.0,36.588676,127.291876,12,세종특별시
2026-06-15T11:05:08+09:00,GBIKE,365682,41.0,36.589265,127.298868,12,세종특별시
2026-06-15T11:05:08+09:00,GBIKE,372817,36.0,36.589515,127.29172,12,세종특별시
2026-06-15T11:05:08+09:00,GBIKE,630534,33.0,36.590556,127.291661,12,세종특별시
2026-06-15T11:05:08+09:00,GBIKE,383605,32.0,36.590691,127.291495,12,세종특별시
2026-06-15T11:05:08+09:00,GBIKE,354814,33.0,36.590928,127.289155,12,세종특별시
2026-06-15T11:05:08+09:00,GBIKE,374639,30.0,36.591551,127.29188,12,세종특별시
2026-06-15T11:05:08+09:00,GBIKE,636680,49.0,36.591578,127.291506,12,세종특별시
2026-06-15T11:05:08+09:00,GBIKE,602862,90.0,36.59164,127.291535,12,세종특별시
2026-06-15T11:05:08+09:00,GBIKE,604672,58.0,36.591715,127.291455,12,세종특별시
2026-06-15T11:05:08+09:00,GBIKE,630578,38.0,36.592054,127.293832,12,세종특별시
2026-06-15T11:05:08+09:00,GBIKE,381658,92.0,36.592245,127.288038,12,세종특별시
2026-06-15T11:05:08+09:00,GBIKE,624252,41.0,36.593096,127.284816,12,세종특별시
2026-06-15T11:05:08+09:00,GBIKE,389847,67.0,36.593116,127.284796,12,세종특별시
2026-06-15T11:05:08+09:00,GBIKE,377794,51.0,36.593361,127.284676,12,세종특별시
2026-06-15T11:05:08+09:00,GBIKE,392112,48.0,36.593366,127.291823,12,세종특별시
2026-06-15T11:05:08+09:00,GBIKE,332032,30.0,36.593428,127.285651,12,세종특별시
2026-06-15T11:05:08+09:00,GBIKE,383788,30.0,36.594758,127.285415,12,세종특별시
2026-06-15T11:05:08+09:00,GBIKE,346312,32.0,36.59487,127.28817,12,세종특별시
2026-06-15T11:05:08+09:00,GBIKE,372728,48.0,36.59496,127.289641,12,세종특별시
2026-06-15T11:05:08+09:00,GBIKE,390480,92.0,36.594985,127.27958,12,세종특별시
2026-06-15T11:05:08+09:00,GBIKE,371981,30.0,36.595326,127.290863,12,세종특별시
2026-06-15T11:05:08+09:00,GBIKE,607530,37.0,36.595478,127.291181,12,세종특별시
2026-06-15T11:05:08+09:00,GBIKE,377293,50.0,36.596315,127.295245,12,세종특별시
2026-06-15T11:05:08+09:00,GBIKE,384350,33.0,36.596916,127.300061,12,세종특별시
2026-06-15T11:05:08+09:00,GBIKE,613103,43.0,36.596964,127.30177,12,세종특별시
2026-06-15T11:05:08+09:00,GBIKE,380931,51.0,36.598965,127.296765,12,세종특별시
2026-06-15T11:05:08+09:00,GBIKE,637500,52.0,36.599473,127.290252,12,세종특별시
2026-06-15T11:05:08+09:00,GBIKE,368846,39.0,36.599495,127.29979,12,세종특별시
2026-06-15T11:05:08+09:00,GBIKE,620566,53.0,36.599527,127.289989,12,세종특별시
2026-06-15T11:05:08+09:00,GBIKE,614001,36.0,36.599921,127.298397,12,세종특별시
2026-06-15T11:05:08+09:00,GBIKE,377732,87.0,36.60014,127.301511,12,세종특별시
2026-06-15T11:05:08+09:00,GBIKE,367806,69.0,36.60032,127.29523,12,세종특별시
2026-06-15T11:05:08+09:00,GBIKE,390746,41.0,36.600385,127.300783,12,세종특별시
2026-06-15T11:05:08+09:00,GBIKE,382545,46.0,36.600483,127.301911,12,세종특별시
2026-06-15T11:05:08+09:00,GBIKE,620595,93.0,36.60053,127.301249,12,세종특별시
2026-06-15T11:05:08+09:00,GBIKE,362145,43.0,36.60071,127.29519,12,세종특별시
2026-06-15T11:05:08+09:00,GBIKE,371887,71.0,36.600851,127.295216,12,세종특별시
2026-06-15T11:05:08+09:00,GBIKE,367251,56.0,36.600915,127.303825,12,세종특별시
2026-06-15T11:05:08+09:00,GBIKE,375444,50.0,36.601028,127.29503,12,세종특별시
2026-06-15T11:05:08+09:00,GBIKE,383557,46.0,36.601645,127.295031,12,세종특별시
2026-06-15T11:05:08+09:00,GBIKE,636622,89.0,36.60172,127.303358,12,세종특별시
2026-06-15T11:05:08+09:00,GBIKE,384300,50.0,36.601773,127.303378,12,세종특별시
2026-06-15T11:05:08+09:00,GBIKE,385493,96.0,36.601868,127.281341,12,세종특별시
2026-06-15T11:05:08+09:00,GBIKE,367059,64.0,36.601883,127.280045,12,세종특별시
2026-06-15T11:05:08+09:00,GBIKE,365775,37.0,36.601926,127.294901,12,세종특별시
2026-06-15T11:05:08+09:00,GBIKE,345485,30.0,36.601953,127.294798,12,세종특별시
2026-06-15T11:05:08+09:00,GBIKE,373224,67.0,36.60202,127.290093,12,세종특별시
2026-06-15T11:05:08+09:00,GBIKE,383706,31.0,36.602133,127.294841,12,세종특별시
2026-06-15T11:05:08+09:00,GBIKE,368833,84.0,36.602308,127.281933,12,세종특별시
2026-06-15T11:05:08+09:00,GBIKE,379183,94.0,36.602331,127.279988,12,세종특별시
2026-06-15T11:05:08+09:00,GBIKE,347574,55.0,36.602485,127.294848,12,세종특별시
2026-06-15T11:05:08+09:00,GBIKE,388650,100.0,36.602585,127.303388,12,세종특별시
2026-06-15T11:05:08+09:00,GBIKE,365321,38.0,36.602686,127.290405,12,세종특별시
2026-06-15T11:05:08+09:00,GBIKE,370326,80.0,36.602826,127.291335,12,세종특별시
2026-06-15T11:05:08+09:00,GBIKE,376304,39.0,36.602866,127.290091,12,세종특별시
2026-06-15T11:05:08+09:00,GBIKE,383734,55.0,36.602956,127.279865,12,세종특별시
2026-06-15T11:05:08+09:00,GBIKE,351964,35.0,36.603023,127.289603,12,세종특별시
2026-06-15T11:05:08+09:00,GBIKE,614604,84.0,36.603062,127.289978,12,세종특별시
2026-06-15T11:05:08+09:00,GBIKE,635165,31.0,36.603112,127.281872,12,세종특별시
2026-06-15T11:05:08+09:00,GBIKE,628466,34.0,36.603394,127.304844,12,세종특별시
2026-06-15T11:05:08+09:00,GBIKE,628141,39.0,36.603444,127.289582,12,세종특별시
2026-06-15T11:05:08+09:00,GBIKE,623385,94.0,36.603615,127.293166,12,세종특별시
2026-06-15T11:05:08+09:00,GBIKE,383739,92.0,36.60367,127.281481,12,세종특별시
2026-06-15T11:05:08+09:00,GBIKE,610809,78.0,36.60377,127.296428,12,세종특별시
2026-06-15T11:05:08+09:00,GBIKE,376390,37.0,36.603796,127.297306,12,세종특별시
2026-06-15T11:05:08+09:00,GBIKE,635969,67.0,36.603844,127.297523,12,세종특별시
2026-06-15T11:05:08+09:00,GBIKE,375093,47.0,36.603878,127.292231,12,세종특별시
2026-06-15T11:05:08+09:00,GBIKE,377781,98.0,36.60389,127.297235,12,세종특별시
2026-06-15T11:05:08+09:00,GBIKE,637872,52.0,36.603994,127.29258,12,세종특별시
2026-06-15T11:05:08+09:00,GBIKE,612261,70.0,36.604022,127.297631,12,세종특별시
2026-06-15T11:05:08+09:00,GBIKE,617731,41.0,36.604038,127.297615,12,세종특별시
2026-06-15T11:05:08+09:00,GBIKE,382588,46.0,36.604151,127.292058,12,세종특별시
2026-06-15T11:05:08+09:00,GBIKE,386474,38.0,36.60421,127.300825,12,세종특별시
2026-06-15T11:05:08+09:00,GBIKE,362576,51.0,36.60423,127.300156,12,세종특별시
2026-06-15T11:05:08+09:00,GBIKE,384358,42.0,36.604251,127.300728,12,세종특별시
2026-06-15T11:05:08+09:00,GBIKE,387871,94.0,36.604258,127.300821,12,세종특별시
2026-06-15T11:05:08+09:00,GBIKE,374614,92.0,36.604291,127.29702,12,세종특별시
2026-06-15T11:05:08+09:00,GBIKE,631743,47.0,36.604306,127.290529,12,세종특별시
2026-06-15T11:05:08+09:00,GBIKE,617959,33.0,36.604354,127.292558,12,세종특별시
2026-06-15T11:05:08+09:00,GBIKE,382652,49.0,36.604388,127.300781,12,세종특별시
2026-06-15T11:05:08+09:00,GBIKE,369480,90.0,36.604595,127.29248,12,세종특별시
2026-06-15T11:05:08+09:00,GBIKE,352300,82.0,36.60471,127.300671,12,세종특별시
2026-06-15T11:05:08+09:00,GBIKE,626567,45.0,36.604816,127.290798,12,세종특별시
2026-06-15T11:05:08+09:00,GBIKE,629532,30.0,36.604938,127.287893,12,세종특별시
2026-06-15T11:05:08+09:00,GBIKE,633367,90.0,36.605102,127.289948,12,세종특별시
2026-06-15T11:05:08+09:00,GBIKE,373521,81.0,36.60514,127.297938,12,세종특별시
2026-06-15T11:05:08+09:00,GBIKE,610792,88.0,36.605188,127.300682,12,세종특별시
2026-06-15T11:05:08+09:00,GBIKE,381375,92.0,36.605318,127.297415,12,세종특별시
2026-06-15T11:05:08+09:00,GBIKE,385508,86.0,36.605336,127.292276,12,세종특별시
2026-06-15T11:05:08+09:00,GBIKE,604011,47.0,36.605398,127.292756,12,세종특별시
2026-06-15T11:05:08+09:00,GBIKE,603979,66.0,36.605405,127.292745,12,세종특별시
2026-06-15T11:05:08+09:00,GBIKE,618647,50.0,36.605462,127.292795,12,세종특별시
2026-06-15T11:05:08+09:00,GBIKE,368537,49.0,36.605621,127.292765,12,세종특별시
2026-06-15T11:05:08+09:00,GBIKE,383781,30.0,36.60563,127.300511,12,세종특별시
2026-06-15T11:05:08+09:00,GBIKE,620391,89.0,36.605719,127.294068,12,세종특별시
2026-06-15T11:05:08+09:00,GBIKE,387673,100.0,36.60572,127.294081,12,세종특별시
2026-06-15T11:05:08+09:00,GBIKE,383778,34.0,36.605735,127.289481,12,세종특별시
2026-06-15T11:05:08+09:00,GBIKE,383599,46.0,36.605738,127.292418,12,세종특별시
2026-06-15T11:05:08+09:00,GBIKE,630536,49.0,36.605763,127.28201,12,세종특별시
2026-06-15T11:05:08+09:00,GBIKE,384302,57.0,36.606028,127.277433,12,세종특별시
2026-06-15T11:05:08+09:00,GBIKE,384342,50.0,36.606113,127.293325,12,세종특별시
2026-06-15T11:05:08+09:00,GBIKE,377296,30.0,36.60615,127.287011,12,세종특별시
2026-06-15T11:05:08+09:00,GBIKE,629818,54.0,36.606177,127.293564,12,세종특별시
2026-06-15T11:05:08+09:00,GBIKE,391985,86.0,36.606243,127.293175,12,세종특별시
2026-06-15T11:05:08+09:00,GBIKE,624662,88.0,36.606304,127.28897,12,세종특별시
2026-06-15T11:05:08+09:00,GBIKE,611872,66.0,36.606377,127.293355,12,세종특별시
2026-06-15T11:05:08+09:00,GBIKE,394330,69.0,36.60638,127.294115,12,세종특별시
2026-06-15T11:05:08+09:00,GBIKE,635581,37.0,36.606529,127.289268,12,세종특별시
2026-06-15T11:05:08+09:00,GBIKE,370088,36.0,36.606601,127.299266,12,세종특별시
2026-06-15T11:05:08+09:00,GBIKE,617006,90.0,36.606632,127.298728,12,세종특별시
2026-06-15T11:05:08+09:00,GBIKE,345320,98.0,36.606783,127.29385,12,세종특별시
2026-06-15T11:05:08+09:00,GBIKE,623340,72.0,36.60684,127.296955,12,세종특별시
2026-06-15T11:05:08+09:00,GBIKE,374569,31.0,36.606853,127.293958,12,세종특별시
2026-06-15T11:05:08+09:00,GBIKE,388632,73.0,36.606991,127.290141,12,세종특별시
2026-06-15T11:05:08+09:00,GBIKE,369515,31.0,36.607013,127.29047,12,세종특별시
2026-06-15T11:05:08+09:00,GBIKE,368384,52.0,36.607103,127.283605,12,세종특별시
2026-06-15T11:05:08+09:00,GBIKE,639358,68.0,36.607154,127.286311,12,세종특별시
2026-06-15T11:05:08+09:00,GBIKE,619363,48.0,36.607155,127.291906,12,세종특별시
2026-06-15T11:05:08+09:00,GBIKE,377098,63.0,36.607175,127.284298,12,세종특별시
2026-06-15T11:05:08+09:00,GBIKE,365795,41.0,36.607318,127.286208,12,세종특별시
2026-06-15T11:05:08+09:00,GBIKE,348952,100.0,36.607323,127.286298,12,세종특별시
2026-06-15T11:05:08+09:00,GBIKE,394908,86.0,36.607328,127.28633,12,세종특별시
2026-06-15T11:05:08+09:00,GBIKE,389264,74.0,36.607351,127.290205,12,세종특별시
2026-06-15T11:05:08+09:00,GBIKE,386357,48.0,36.607363,127.297016,12,세종특별시
2026-06-15T11:05:08+09:00,GBIKE,368132,38.0,36.607418,127.29245,12,세종특별시
2026-06-15T11:05:08+09:00,GBIKE,383883,100.0,36.607535,127.28951,12,세종특별시
2026-06-15T11:05:08+09:00,GBIKE,365501,72.0,36.607908,127.288533,12,세종특별시
2026-06-15T11:05:08+09:00,GBIKE,347727,59.0,36.607973,127.292815,12,세종특별시
2026-06-15T11:05:08+09:00,GBIKE,348243,95.0,36.608046,127.289146,12,세종특별시
2026-06-15T11:05:08+09:00,GBIKE,628775,95.0,36.608128,127.285122,12,세종특별시
2026-06-15T11:05:08+09:00,GBIKE,608840,54.0,36.608148,127.288329,12,세종특별시
2026-06-15T11:05:08+09:00,GBIKE,369487,51.0,36.608205,127.28855,12,세종특별시
2026-06-15T11:05:08+09:00,GBIKE,384361,94.0,36.608205,127.288313,12,세종특별시
2026-06-15T11:05:08+09:00,GBIKE,355960,65.0,36.608211,127.288585,12,세종특별시
2026-06-15T11:05:08+09:00,GBIKE,382436,90.0,36.608231,127.28974,12,세종특별시
2026-06-15T11:05:08+09:00,GBIKE,625545,39.0,36.608306,127.284185,12,세종특별시
2026-06-15T11:05:08+09:00,GBIKE,383612,45.0,36.608323,127.283936,12,세종특별시
2026-06-15T11:05:08+09:00,GBIKE,633047,66.0,36.60833,127.289103,12,세종특별시
2026-06-15T11:05:08+09:00,GBIKE,394153,56.0,36.608493,127.285658,12,세종특별시
2026-06-15T11:05:08+09:00,GBIKE,372002,57.0,36.608501,127.289183,12,세종특별시
2026-06-15T11:05:08+09:00,GBIKE,627925,71.0,36.608518,127.285617,12,세종특별시
2026-06-15T11:05:08+09:00,GBIKE,375487,31.0,36.60852,127.289178,12,세종특별시
2026-06-15T11:05:08+09:00,GBIKE,601954,45.0,36.608543,127.289581,12,세종특별시
2026-06-15T11:05:08+09:00,GBIKE,604326,90.0,36.608568,127.289653,12,세종특별시
2026-06-15T11:05:08+09:00,GBIKE,370374,31.0,36.608611,127.289476,12,세종특별시
2026-06-15T11:05:08+09:00,GBIKE,381468,80.0,36.608633,127.283736,12,세종특별시
2026-06-15T11:05:08+09:00,GBIKE,389216,79.0,36.608653,127.289148,12,세종특별시
2026-06-15T11:05:08+09:00,GBIKE,388389,88.0,36.608656,127.283895,12,세종특별시
2026-06-15T11:05:08+09:00,GBIKE,373770,91.0,36.608663,127.288871,12,세종특별시
2026-06-15T11:05:08+09:00,GBIKE,375544,49.0,36.608665,127.288956,12,세종특별시
2026-06-15T11:05:08+09:00,GBIKE,392829,87.0,36.608666,127.28885,12,세종특별시
2026-06-15T11:05:08+09:00,GBIKE,366495,98.0,36.608668,127.288948,12,세종특별시
2026-06-15T11:05:08+09:00,GBIKE,367752,88.0,36.608668,127.283668,12,세종특별시
2026-06-15T11:05:08+09:00,GBIKE,371895,63.0,36.608673,127.283775,12,세종특별시
2026-06-15T11:05:08+09:00,GBIKE,383197,86.0,36.608673,127.283971,12,세종특별시
2026-06-15T11:05:08+09:00,GBIKE,387829,51.0,36.608675,127.288863,12,세종특별시
2026-06-15T11:05:08+09:00,GBIKE,383321,96.0,36.608678,127.283721,12,세종특별시
2026-06-15T11:05:08+09:00,GBIKE,377780,89.0,36.60868,127.289008,12,세종특별시
2026-06-15T11:05:08+09:00,GBIKE,387860,49.0,36.60868,127.283845,12,세종특별시
2026-06-15T11:05:08+09:00,GBIKE,383531,72.0,36.608681,127.283705,12,세종특별시
2026-06-15T11:05:08+09:00,GBIKE,374717,83.0,36.608683,127.288953,12,세종특별시
2026-06-15T11:05:08+09:00,GBIKE,380917,83.0,36.608683,127.28893,12,세종특별시
2026-06-15T11:05:08+09:00,GBIKE,392507,100.0,36.608685,127.28894,12,세종특별시
2026-06-15T11:05:08+09:00,GBIKE,369813,98.0,36.608695,127.288943,12,세종특별시
2026-06-15T11:05:08+09:00,GBIKE,369437,77.0,36.6087,127.289163,12,세종특별시
2026-06-15T11:05:08+09:00,GBIKE,390838,55.0,36.608701,127.283733,12,세종특별시
2026-06-15T11:05:08+09:00,GBIKE,389536,70.0,36.608703,127.288926,12,세종특별시
2026-06-15T11:05:08+09:00,GBIKE,376030,54.0,36.608706,127.283743,12,세종특별시
2026-06-15T11:05:08+09:00,GBIKE,384392,72.0,36.608708,127.283821,12,세종특별시
2026-06-15T11:05:08+09:00,GBIKE,392076,82.0,36.608708,127.283758,12,세종특별시
2026-06-15T11:05:08+09:00,GBIKE,375429,72.0,36.60871,127.2891,12,세종특별시
2026-06-15T11:05:08+09:00,GBIKE,609454,88.0,36.608711,127.289126,12,세종특별시
2026-06-15T11:05:08+09:00,GBIKE,372626,62.0,36.608716,127.283788,12,세종특별시
2026-06-15T11:05:08+09:00,GBIKE,376044,48.0,36.608716,127.283813,12,세종특별시
2026-06-15T11:05:08+09:00,GBIKE,382510,56.0,36.608716,127.283715,12,세종특별시
2026-06-15T11:05:08+09:00,GBIKE,374698,66.0,36.608718,127.289178,12,세종특별시
2026-06-15T11:05:08+09:00,GBIKE,638335,97.0,36.608719,127.28914,12,세종특별시
2026-06-15T11:05:08+09:00,GBIKE,383623,49.0,36.60872,127.283776,12,세종특별시
2026-06-15T11:05:08+09:00,GBIKE,608280,100.0,36.60872,127.289097,12,세종특별시
2026-06-15T11:05:08+09:00,GBIKE,384391,100.0,36.608721,127.289151,12,세종특별시
2026-06-15T11:05:08+09:00,GBIKE,612853,52.0,36.608721,127.28397,12,세종특별시
2026-06-15T11:05:08+09:00,GBIKE,603062,95.0,36.608722,127.288884,12,세종특별시
2026-06-15T11:05:08+09:00,GBIKE,347346,51.0,36.608723,127.28389,12,세종특별시
2026-06-15T11:05:08+09:00,GBIKE,367389,81.0,36.608723,127.28909,12,세종특별시
2026-06-15T11:05:08+09:00,GBIKE,375376,100.0,36.608723,127.289175,12,세종특별시
2026-06-15T11:05:08+09:00,GBIKE,383553,56.0,36.608723,127.283801,12,세종특별시
2026-06-15T11:05:08+09:00,GBIKE,384555,100.0,36.608723,127.283723,12,세종특별시
2026-06-15T11:05:08+09:00,GBIKE,617603,82.0,36.608724,127.288896,12,세종특별시
2026-06-15T11:05:08+09:00,GBIKE,367411,81.0,36.608725,127.288913,12,세종특별시
2026-06-15T11:05:08+09:00,GBIKE,351622,100.0,36.608726,127.289116,12,세종특별시
2026-06-15T11:05:08+09:00,GBIKE,377611,100.0,36.608726,127.289151,12,세종특별시
2026-06-15T11:05:08+09:00,GBIKE,378077,100.0,36.608726,127.289088,12,세종특별시
2026-06-15T11:05:08+09:00,GBIKE,386463,100.0,36.608726,127.289163,12,세종특별시
2026-06-15T11:05:08+09:00,GBIKE,366505,43.0,36.608728,127.283965,12,세종특별시
2026-06-15T11:05:08+09:00,GBIKE,368100,70.0,36.608728,127.289081,12,세종특별시
2026-06-15T11:05:08+09:00,GBIKE,377574,77.0,36.608731,127.289091,12,세종특별시
2026-06-15T11:05:08+09:00,GBIKE,388893,100.0,36.608731,127.289083,12,세종특별시
2026-06-15T11:05:08+09:00,GBIKE,392394,99.0,36.608731,127.289158,12,세종특별시
2026-06-15T11:05:08+09:00,GBIKE,611134,50.0,36.608732,127.2918,12,세종특별시
2026-06-15T11:05:08+09:00,GBIKE,601083,88.0,36.608733,127.283746,12,세종특별시
2026-06-15T11:05:08+09:00,GBIKE,631081,100.0,36.608733,127.289137,12,세종특별시
2026-06-15T11:05:08+09:00,GBIKE,347357,43.0,36.608735,127.28912,12,세종특별시
2026-06-15T11:05:08+09:00,GBIKE,383566,100.0,36.608735,127.289165,12,세종특별시
2026-06-15T11:05:08+09:00,GBIKE,387855,60.0,36.608735,127.289053,12,세종특별시
2026-06-15T11:05:08+09:00,GBIKE,339870,100.0,36.608736,127.289156,12,세종특별시
2026-06-15T11:05:08+09:00,GBIKE,379750,45.0,36.608736,127.283825,12,세종특별시
2026-06-15T11:05:08+09:00,GBIKE,361763,75.0,36.60874,127.283868,12,세종특별시
2026-06-15T11:05:08+09:00,GBIKE,389105,74.0,36.60874,127.289158,12,세종특별시
2026-06-15T11:05:08+09:00,GBIKE,370217,99.0,36.608741,127.289166,12,세종특별시
2026-06-15T11:05:08+09:00,GBIKE,386976,100.0,36.608741,127.289083,12,세종특별시
2026-06-15T11:05:08+09:00,GBIKE,611309,44.0,36.608742,127.283791,12,세종특별시
2026-06-15T11:05:08+09:00,GBIKE,370121,96.0,36.608743,127.289163,12,세종특별시
2026-06-15T11:05:08+09:00,GBIKE,367103,81.0,36.608745,127.283795,12,세종특별시
2026-06-15T11:05:08+09:00,GBIKE,638316,93.0,36.608748,127.289156,12,세종특별시
2026-06-15T11:05:08+09:00,GBIKE,385640,82.0,36.60875,127.28909,12,세종특별시
2026-06-15T11:05:08+09:00,GBIKE,393158,87.0,36.60875,127.289086,12,세종특별시
2026-06-15T11:05:08+09:00,GBIKE,343439,86.0,36.608751,127.283815,12,세종특별시
2026-06-15T11:05:08+09:00,GBIKE,363636,73.0,36.608751,127.289085,12,세종특별시
2026-06-15T11:05:08+09:00,GBIKE,379855,100.0,36.608751,127.283853,12,세종특별시
2026-06-15T11:05:08+09:00,GBIKE,348558,100.0,36.608753,127.289083,12,세종특별시
2026-06-15T11:05:08+09:00,GBIKE,382936,64.0,36.608755,127.28387,12,세종특별시
2026-06-15T11:05:08+09:00,GBIKE,363877,72.0,36.608756,127.283858,12,세종특별시
2026-06-15T11:05:08+09:00,GBIKE,367058,46.0,36.608756,127.28402,12,세종특별시
2026-06-15T11:05:08+09:00,GBIKE,370368,58.0,36.608756,127.283816,12,세종특별시
2026-06-15T11:05:08+09:00,GBIKE,378828,39.0,36.608756,127.288828,12,세종특별시
2026-06-15T11:05:08+09:00,GBIKE,377483,85.0,36.608758,127.283901,12,세종특별시
2026-06-15T11:05:08+09:00,GBIKE,630894,100.0,36.608758,127.289135,12,세종특별시
2026-06-15T11:05:08+09:00,GBIKE,376034,49.0,36.608761,127.289148,12,세종특별시
2026-06-15T11:05:08+09:00,GBIKE,392296,44.0,36.608761,127.289095,12,세종특별시
2026-06-15T11:05:08+09:00,GBIKE,375391,100.0,36.608765,127.289071,12,세종특별시
2026-06-15T11:05:08+09:00,GBIKE,375058,73.0,36.608771,127.284266,12,세종특별시
2026-06-15T11:05:08+09:00,GBIKE,621289,49.0,36.608771,127.283813,12,세종특별시
2026-06-15T11:05:08+09:00,GBIKE,631829,93.0,36.608772,127.289102,12,세종특별시
2026-06-15T11:05:08+09:00,GBIKE,625542,49.0,36.608773,127.28385,12,세종특별시
2026-06-15T11:05:08+09:00,GBIKE,390703,51.0,36.608776,127.283936,12,세종특별시
2026-06-15T11:05:08+09:00,GBIKE,625200,42.0,36.608776,127.283933,12,세종특별시
2026-06-15T11:05:08+09:00,GBIKE,375524,90.0,36.60878,127.283858,12,세종특별시
2026-06-15T11:05:08+09:00,GBIKE,385514,50.0,36.60878,127.283928,12,세종특별시
2026-06-15T11:05:08+09:00,GBIKE,345843,59.0,36.608781,127.283948,12,세종특별시
2026-06-15T11:05:08+09:00,GBIKE,612172,67.0,36.608784,127.283827,12,세종특별시
2026-06-15T11:05:08+09:00,GBIKE,385642,42.0,36.608786,127.28389,12,세종특별시
2026-06-15T11:05:08+09:00,GBIKE,387312,56.0,36.608793,127.283931,12,세종특별시
2026-06-15T11:05:08+09:00,GBIKE,622703,47.0,36.608793,127.283779,12,세종특별시
2026-06-15T11:05:08+09:00,GBIKE,355329,63.0,36.608795,127.283898,12,세종특별시
2026-06-15T11:05:08+09:00,GBIKE,609681,88.0,36.608796,127.289096,12,세종특별시
2026-06-15T11:05:08+09:00,GBIKE,392835,70.0,36.608798,127.283873,12,세종특별시
2026-06-15T11:05:08+09:00,GBIKE,365565,87.0,36.608801,127.283926,12,세종특별시
2026-06-15T11:05:08+09:00,GBIKE,636806,87.0,36.60882,127.289118,12,세종특별시
2026-06-15T11:05:08+09:00,GBIKE,367718,68.0,36.608821,127.283916,12,세종특별시
2026-06-15T11:05:08+09:00,GBIKE,630518,92.0,36.608824,127.289092,12,세종특별시
2026-06-15T11:05:08+09:00,GBIKE,390748,82.0,36.608828,127.289018,12,세종특별시
2026-06-15T11:05:08+09:00,GBIKE,365828,60.0,36.608836,127.28909,12,세종특별시
2026-06-15T11:05:08+09:00,GBIKE,617885,91.0,36.608841,127.28908,12,세종특별시
2026-06-15T11:05:08+09:00,GBIKE,364370,86.0,36.608855,127.283846,12,세종특별시
2026-06-15T11:05:08+09:00,GBIKE,615848,100.0,36.608855,127.288909,12,세종특별시
2026-06-15T11:05:08+09:00,GBIKE,377729,46.0,36.608858,127.28394,12,세종특별시
2026-06-15T11:05:08+09:00,GBIKE,395237,100.0,36.608878,127.289061,12,세종특별시
2026-06-15T11:05:08+09:00,GBIKE,637354,91.0,36.608895,127.289116,12,세종특별시
2026-06-15T11:05:08+09:00,GBIKE,380920,52.0,36.608905,127.289141,12,세종특별시
2026-06-15T11:05:08+09:00,GBIKE,632897,92.0,36.608907,127.289117,12,세종특별시
2026-06-15T11:05:08+09:00,GBIKE,617002,92.0,36.608924,127.289124,12,세종특별시
2026-06-15T11:05:08+09:00,GBIKE,604547,92.0,36.608926,127.289126,12,세종특별시
2026-06-15T11:05:08+09:00,GBIKE,365566,54.0,36.609043,127.286016,12,세종특별시
2026-06-15T11:05:08+09:00,GBIKE,374050,90.0,36.609051,127.286048,12,세종특별시
2026-06-15T11:05:08+09:00,GBIKE,367416,41.0,36.609058,127.286045,12,세종특별시
2026-06-15T11:05:08+09:00,GBIKE,638332,54.0,36.609065,127.286077,12,세종특별시
2026-06-15T11:05:08+09:00,GBIKE,390561,44.0,36.609071,127.286013,12,세종특별시
2026-06-15T11:05:08+09:00,GBIKE,366207,76.0,36.609078,127.286045,12,세종특별시
2026-06-15T11:05:08+09:00,GBIKE,372868,89.0,36.609093,127.286073,12,세종특별시
2026-06-15T11:05:08+09:00,GBIKE,623923,38.0,36.609094,127.286052,12,세종특별시
2026-06-15T11:05:08+09:00,GBIKE,347317,95.0,36.6091,127.286058,12,세종특별시
2026-06-15T11:05:08+09:00,GBIKE,390484,34.0,36.6091,127.28609,12,세종특별시
2026-06-15T11:05:08+09:00,GBIKE,384694,95.0,36.609106,127.286141,12,세종특별시
2026-06-15T11:05:08+09:00,GBIKE,380915,30.0,36.60911,127.285976,12,세종특별시
2026-06-15T11:05:08+09:00,GBIKE,371898,38.0,36.609121,127.28613,12,세종특별시
2026-06-15T11:05:08+09:00,GBIKE,381351,88.0,36.609185,127.288786,12,세종특별시
2026-06-15T11:05:08+09:00,GBIKE,380639,34.0,36.609263,127.29129,12,세종특별시
2026-06-15T11:05:08+09:00,GBIKE,382505,100.0,36.609295,127.292561,12,세종특별시
2026-06-15T11:05:08+09:00,GBIKE,349257,32.0,36.609325,127.292735,12,세종특별시
2026-06-15T11:05:08+09:00,GBIKE,386032,82.0,36.609618,127.289535,12,세종특별시
2026-06-15T11:05:08+09:00,GBIKE,383163,92.0,36.609646,127.288595,12,세종특별시
2026-06-15T11:05:08+09:00,GBIKE,383624,83.0,36.609653,127.28689,12,세종특별시
2026-06-15T11:05:08+09:00,GBIKE,373233,60.0,36.609665,127.286906,12,세종특별시
2026-06-15T11:05:08+09:00,GBIKE,372399,33.0,36.609668,127.286911,12,세종특별시
2026-06-15T11:05:08+09:00,GBIKE,385638,32.0,36.609691,127.286855,12,세종특별시
2026-06-15T11:05:08+09:00,GBIKE,352898,30.0,36.609696,127.28691,12,세종특별시
2026-06-15T11:05:08+09:00,GBIKE,388372,33.0,36.609705,127.286891,12,세종특별시
2026-06-15T11:05:08+09:00,GBIKE,630625,30.0,36.609807,127.293207,12,세종특별시
2026-06-15T11:05:08+09:00,GBIKE,389584,33.0,36.610378,127.289981,12,세종특별시
2026-06-15T11:05:08+09:00,GBIKE,383223,52.0,36.610395,127.289091,12,세종특별시
2026-06-15T11:05:08+09:00,GBIKE,615828,63.0,36.610402,127.289166,12,세종특별시
2026-06-15T11:05:08+09:00,GBIKE,616066,83.0,36.610402,127.289127,12,세종특별시
2026-06-15T11:05:08+09:00,GBIKE,366565,31.0,36.610521,127.285605,12,세종특별시
2026-06-15T11:05:08+09:00,GBIKE,384713,85.0,36.610528,127.285516,12,세종특별시
2026-06-15T11:05:08+09:00,GBIKE,343404,35.0,36.610571,127.29318,12,세종특별시
2026-06-15T11:05:08+09:00,GBIKE,389490,40.0,36.610581,127.28551,12,세종특별시
2026-06-15T11:05:08+09:00,GBIKE,390685,33.0,36.610671,127.297201,12,세종특별시
2026-06-15T11:05:08+09:00,GBIKE,613735,68.0,36.610684,127.297913,12,세종특별시
2026-06-15T11:05:08+09:00,GBIKE,603533,93.0,36.610768,127.29675,12,세종특별시
2026-06-15T11:05:08+09:00,GBIKE,394098,32.0,36.610773,127.298521,12,세종특별시
2026-06-15T11:05:08+09:00,GBIKE,383149,59.0,36.610941,127.286171,12,세종특별시
2026-06-15T11:05:08+09:00,GBIKE,614015,62.0,36.610942,127.285846,12,세종특별시
2026-06-15T11:05:08+09:00,GBIKE,345873,38.0,36.610985,127.286115,12,세종특별시
2026-06-15T11:05:08+09:00,GBIKE,368766,81.0,36.611018,127.286005,12,세종특별시
2026-06-15T11:05:08+09:00,GBIKE,378803,34.0,36.611025,127.286111,12,세종특별시
2026-06-15T11:05:08+09:00,GBIKE,392234,62.0,36.611028,127.290081,12,세종특별시
2026-06-15T11:05:08+09:00,GBIKE,375506,47.0,36.611035,127.29006,12,세종특별시
2026-06-15T11:05:08+09:00,GBIKE,364639,87.0,36.611036,127.286053,12,세종특별시
2026-06-15T11:05:08+09:00,GBIKE,373290,74.0,36.611048,127.286201,12,세종특별시
2026-06-15T11:05:08+09:00,GBIKE,369415,57.0,36.611053,127.286108,12,세종특별시
2026-06-15T11:05:08+09:00,GBIKE,369717,44.0,36.611055,127.286153,12,세종특별시
2026-06-15T11:05:08+09:00,GBIKE,376081,57.0,36.611076,127.290128,12,세종특별시
2026-06-15T11:05:08+09:00,GBIKE,390382,64.0,36.611083,127.289985,12,세종특별시
2026-06-15T11:05:08+09:00,GBIKE,368120,35.0,36.611086,127.289926,12,세종특별시
2026-06-15T11:05:08+09:00,GBIKE,377436,89.0,36.611086,127.289978,12,세종특별시
2026-06-15T11:05:08+09:00,GBIKE,382572,50.0,36.611088,127.290051,12,세종특별시
2026-06-15T11:05:08+09:00,GBIKE,372070,33.0,36.61109,127.289973,12,세종특별시
2026-06-15T11:05:08+09:00,GBIKE,378931,89.0,36.61109,127.289996,12,세종특별시
2026-06-15T11:05:08+09:00,GBIKE,363973,100.0,36.611098,127.290041,12,세종특별시
2026-06-15T11:05:08+09:00,GBIKE,383167,73.0,36.611103,127.290053,12,세종특별시
2026-06-15T11:05:08+09:00,GBIKE,627295,36.0,36.611103,127.29664,12,세종특별시
2026-06-15T11:05:08+09:00,GBIKE,388680,75.0,36.611106,127.290108,12,세종특별시
2026-06-15T11:05:08+09:00,GBIKE,392267,33.0,36.611106,127.289945,12,세종특별시
2026-06-15T11:05:08+09:00,GBIKE,384320,73.0,36.61111,127.290098,12,세종특별시
2026-06-15T11:05:08+09:00,GBIKE,353905,50.0,36.611111,127.290018,12,세종특별시
2026-06-15T11:05:08+09:00,GBIKE,613464,70.0,36.611111,127.287317,12,세종특별시
2026-06-15T11:05:08+09:00,GBIKE,369472,94.0,36.611115,127.289965,12,세종특별시
2026-06-15T11:05:08+09:00,GBIKE,368902,56.0,36.611118,127.290086,12,세종특별시
2026-06-15T11:05:08+09:00,GBIKE,388399,72.0,36.61112,127.290065,12,세종특별시
2026-06-15T11:05:08+09:00,GBIKE,366516,31.0,36.611123,127.287396,12,세종특별시
2026-06-15T11:05:08+09:00,GBIKE,381177,49.0,36.611123,127.29006,12,세종특별시
2026-06-15T11:05:08+09:00,GBIKE,374564,60.0,36.611128,127.289991,12,세종특별시
2026-06-15T11:05:08+09:00,GBIKE,383887,95.0,36.611128,127.289965,12,세종특별시
2026-06-15T11:05:08+09:00,GBIKE,394095,50.0,36.611128,127.290073,12,세종특별시
2026-06-15T11:05:08+09:00,GBIKE,617634,57.0,36.611132,127.287354,12,세종특별시
2026-06-15T11:05:08+09:00,GBIKE,372400,42.0,36.611145,127.290008,12,세종특별시
2026-06-15T11:05:08+09:00,GBIKE,390769,93.0,36.611145,127.289958,12,세종특별시
2026-06-15T11:05:08+09:00,GBIKE,375561,74.0,36.611146,127.289953,12,세종특별시
2026-06-15T11:05:08+09:00,GBIKE,624613,46.0,36.611146,127.287407,12,세종특별시
2026-06-15T11:05:08+09:00,GBIKE,338106,100.0,36.611148,127.290055,12,세종특별시
2026-06-15T11:05:08+09:00,GBIKE,388631,64.0,36.611148,127.290086,12,세종특별시
2026-06-15T11:05:08+09:00,GBIKE,372751,87.0,36.611155,127.289925,12,세종특별시
2026-06-15T11:05:08+09:00,GBIKE,355297,67.0,36.611156,127.290028,12,세종특별시
2026-06-15T11:05:08+09:00,GBIKE,365780,88.0,36.611156,127.289941,12,세종특별시
2026-06-15T11:05:08+09:00,GBIKE,380113,61.0,36.611156,127.289938,12,세종특별시
2026-06-15T11:05:08+09:00,GBIKE,388764,62.0,36.611156,127.287388,12,세종특별시
2026-06-15T11:05:08+09:00,GBIKE,389488,88.0,36.611158,127.287363,12,세종특별시
2026-06-15T11:05:08+09:00,GBIKE,364026,71.0,36.61116,127.290086,12,세종특별시
2026-06-15T11:05:08+09:00,GBIKE,376843,41.0,36.61116,127.29004,12,세종특별시
2026-06-15T11:05:08+09:00,GBIKE,638562,41.0,36.61116,127.289955,12,세종특별시
2026-06-15T11:05:08+09:00,GBIKE,389159,44.0,36.61117,127.289943,12,세종특별시
2026-06-15T11:05:08+09:00,GBIKE,375330,76.0,36.611176,127.287451,12,세종특별시
2026-06-15T11:05:08+09:00,GBIKE,376326,65.0,36.611176,127.289933,12,세종특별시
2026-06-15T11:05:08+09:00,GBIKE,382998,96.0,36.611178,127.287391,12,세종특별시
2026-06-15T11:05:08+09:00,GBIKE,374321,67.0,36.61118,127.28997,12,세종특별시
2026-06-15T11:05:08+09:00,GBIKE,638395,86.0,36.611182,127.287418,12,세종특별시
2026-06-15T11:05:08+09:00,GBIKE,383834,44.0,36.611183,127.289976,12,세종특별시
2026-06-15T11:05:08+09:00,GBIKE,364199,43.0,36.611185,127.289943,12,세종특별시
2026-06-15T11:05:08+09:00,GBIKE,374566,45.0,36.61119,127.290043,12,세종특별시
2026-06-15T11:05:08+09:00,GBIKE,367380,80.0,36.611191,127.28732,12,세종특별시
2026-06-15T11:05:08+09:00,GBIKE,394836,55.0,36.611191,127.290043,12,세종특별시
2026-06-15T11:05:08+09:00,GBIKE,382570,60.0,36.611193,127.290011,12,세종특별시
2026-06-15T11:05:08+09:00,GBIKE,368165,69.0,36.611195,127.28735,12,세종특별시
2026-06-15T11:05:08+09:00,GBIKE,371980,68.0,36.611195,127.287463,12,세종특별시
2026-06-15T11:05:08+09:00,GBIKE,377764,85.0,36.611195,127.287456,12,세종특별시
2026-06-15T11:05:08+09:00,GBIKE,379519,36.0,36.611195,127.287433,12,세종특별시
2026-06-15T11:05:08+09:00,GBIKE,389748,45.0,36.611195,127.287383,12,세종특별시
2026-06-15T11:05:08+09:00,GBIKE,367351,100.0,36.611201,127.287346,12,세종특별시
2026-06-15T11:05:08+09:00,GBIKE,384693,45.0,36.611201,127.287451,12,세종특별시
2026-06-15T11:05:08+09:00,GBIKE,638303,47.0,36.611201,127.287301,12,세종특별시
2026-06-15T11:05:08+09:00,GBIKE,618274,88.0,36.611202,127.287456,12,세종특별시
2026-06-15T11:05:08+09:00,GBIKE,382650,38.0,36.611203,127.28744,12,세종특별시
2026-06-15T11:05:08+09:00,GBIKE,384378,45.0,36.611203,127.287396,12,세종특별시
2026-06-15T11:05:08+09:00,GBIKE,377735,51.0,36.611205,127.287466,12,세종특별시
2026-06-15T11:05:08+09:00,GBIKE,382533,30.0,36.611206,127.287365,12,세종특별시
2026-06-15T11:05:08+09:00,GBIKE,371839,40.0,36.611211,127.287435,12,세종특별시
2026-06-15T11:05:08+09:00,GBIKE,374386,83.0,36.611211,127.287478,12,세종특별시
2026-06-15T11:05:08+09:00,GBIKE,377014,46.0,36.611211,127.287505,12,세종특별시
2026-06-15T11:05:08+09:00,GBIKE,624058,91.0,36.611211,127.289974,12,세종특별시
2026-06-15T11:05:08+09:00,GBIKE,367387,35.0,36.611213,127.287501,12,세종특별시
2026-06-15T11:05:08+09:00,GBIKE,383726,61.0,36.611213,127.287246,12,세종특별시
2026-06-15T11:05:08+09:00,GBIKE,383611,51.0,36.611216,127.287455,12,세종특별시
2026-06-15T11:05:08+09:00,GBIKE,378994,99.0,36.611226,127.287331,12,세종특별시
2026-06-15T11:05:08+09:00,GBIKE,368554,76.0,36.61123,127.287291,12,세종특별시
2026-06-15T11:05:08+09:00,GBIKE,348036,56.0,36.611235,127.287483,12,세종특별시
2026-06-15T11:05:08+09:00,GBIKE,363571,40.0,36.611235,127.289945,12,세종특별시
2026-06-15T11:05:08+09:00,GBIKE,384327,86.0,36.611235,127.287421,12,세종특별시
2026-06-15T11:05:08+09:00,GBIKE,386746,79.0,36.611238,127.28747,12,세종특별시
2026-06-15T11:05:08+09:00,GBIKE,626724,58.0,36.611238,127.287511,12,세종특별시
2026-06-15T11:05:08+09:00,GBIKE,630979,35.0,36.611238,127.287513,12,세종특별시
2026-06-15T11:05:08+09:00,GBIKE,367874,77.0,36.611241,127.287498,12,세종특별시
2026-06-15T11:05:08+09:00,GBIKE,382502,33.0,36.611241,127.287396,12,세종특별시
2026-06-15T11:05:08+09:00,GBIKE,628874,34.0,36.611243,127.287543,12,세종특별시
2026-06-15T11:05:08+09:00,GBIKE,631918,88.0,36.611251,127.287478,12,세종특별시
2026-06-15T11:05:08+09:00,GBIKE,347335,72.0,36.611253,127.287466,12,세종특별시
2026-06-15T11:05:08+09:00,GBIKE,386486,37.0,36.611255,127.287413,12,세종특별시
2026-06-15T11:05:08+09:00,GBIKE,381308,64.0,36.611261,127.28743,12,세종특별시
2026-06-15T11:05:08+09:00,GBIKE,607348,41.0,36.611261,127.28749,12,세종특별시
2026-06-15T11:05:08+09:00,GBIKE,372771,31.0,36.611296,127.287371,12,세종특별시
2026-06-15T11:05:08+09:00,GBIKE,375527,45.0,36.611411,127.284586,12,세종특별시
2026-06-15T11:05:08+09:00,GBIKE,384363,53.0,36.61147,127.284646,12,세종특별시
2026-06-15T11:05:08+09:00,GBIKE,381538,43.0,36.611496,127.284566,12,세종특별시
2026-06-15T11:05:08+09:00,GBIKE,374638,77.0,36.611516,127.284656,12,세종특별시
2026-06-15T11:05:08+09:00,GBIKE,373517,87.0,36.611521,127.2846,12,세종특별시
2026-06-15T11:05:08+09:00,GBIKE,392376,35.0,36.611525,127.284766,12,세종특별시
2026-06-15T11:05:08+09:00,GBIKE,385510,49.0,36.611563,127.28464,12,세종특별시
2026-06-15T11:05:08+09:00,GBIKE,381932,35.0,36.611581,127.284628,12,세종특별시
2026-06-15T11:05:08+09:00,GBIKE,390771,78.0,36.611938,127.284863,12,세종특별시
2026-06-15T11:05:08+09:00,GBIKE,389295,35.0,36.611968,127.284798,12,세종특별시
2026-06-15T11:05:08+09:00,GBIKE,368693,84.0,36.611973,127.284781,12,세종특별시
2026-06-15T11:05:08+09:00,GBIKE,347744,87.0,36.613296,127.331585,12,세종특별시
2026-06-15T11:05:08+09:00,GBIKE,385435,67.0,36.613308,127.331583,12,세종특별시
2026-06-15T11:05:08+09:00,GBIKE,364617,33.0,36.613401,127.292736,12,세종특별시
2026-06-15T11:05:08+09:00,GBIKE,367337,33.0,36.613763,127.2925,12,세종특별시
2026-06-15T11:05:08+09:00,GBIKE,378046,41.0,36.613836,127.290366,12,세종특별시
2026-06-15T11:05:08+09:00,GBIKE,387886,43.0,36.613938,127.29035,12,세종특별시
2026-06-15T11:05:08+09:00,GBIKE,384398,32.0,36.613971,127.292441,12,세종특별시
2026-06-15T11:05:08+09:00,GBIKE,638210,100.0,36.614018,127.315002,12,세종특별시
2026-06-15T11:05:08+09:00,GBIKE,347359,91.0,36.614078,127.290165,12,세종특별시
2026-06-15T11:05:08+09:00,GBIKE,607950,87.0,36.614097,127.290181,12,세종특별시
2026-06-15T11:05:08+09:00,GBIKE,632681,94.0,36.614102,127.290165,12,세종특별시
2026-06-15T11:05:08+09:00,GBIKE,618953,100.0,36.614104,127.290156,12,세종특별시
2026-06-15T11:05:08+09:00,GBIKE,390442,35.0,36.614116,127.29032,12,세종특별시
2026-06-15T11:05:08+09:00,GBIKE,390295,35.0,36.614725,127.288108,12,세종특별시
2026-06-15T11:05:08+09:00,GBIKE,383347,100.0,36.614836,127.28433,12,세종특별시
2026-06-15T11:05:08+09:00,GBIKE,637526,70.0,36.615302,127.360331,12,세종특별시
2026-06-15T11:05:08+09:00,GBIKE,379960,63.0,36.616015,127.287118,12,세종특별시
2026-06-15T11:05:08+09:00,GBIKE,382690,99.0,36.616063,127.360265,12,세종특별시
2026-06-15T11:05:08+09:00,GBIKE,383590,47.0,36.61624,127.287226,12,세종특별시
2026-06-15T11:05:08+09:00,GBIKE,630971,45.0,36.616564,127.28712,12,세종특별시
2026-06-15T11:05:08+09:00,GBIKE,372300,36.0,36.616611,127.28667,12,세종특별시
2026-06-15T11:05:08+09:00,GBIKE,384375,64.0,36.616831,127.329133,12,세종특별시
2026-06-15T11:05:08+09:00,GBIKE,130745,33.0,36.617507,127.285737,12,세종특별시
2026-06-15T11:05:08+09:00,GBIKE,372776,90.0,36.617553,127.290468,12,세종특별시
2026-06-15T11:05:08+09:00,GBIKE,368400,71.0,36.618043,127.321585,12,세종특별시
2026-06-15T11:05:08+09:00,GBIKE,635266,69.0,36.618179,127.285747,12,세종특별시
2026-06-15T11:05:08+09:00,GBIKE,386756,63.0,36.618218,127.285763,12,세종특별시
2026-06-15T11:05:08+09:00,GBIKE,367102,46.0,36.618226,127.285798,12,세종특별시
2026-06-15T11:05:08+09:00,GBIKE,363988,52.0,36.61823,127.285761,12,세종특별시
2026-06-15T11:05:08+09:00,GBIKE,390538,55.0,36.618233,127.285766,12,세종특별시
2026-06-15T11:05:08+09:00,GBIKE,375530,30.0,36.618236,127.285795,12,세종특별시
2026-06-15T11:05:08+09:00,GBIKE,383567,65.0,36.61824,127.285766,12,세종특별시
2026-06-15T11:05:08+09:00,GBIKE,383266,48.0,36.61826,127.28578,12,세종특별시
2026-06-15T11:05:08+09:00,GBIKE,367523,100.0,36.618273,127.285778,12,세종특별시
2026-06-15T11:05:08+09:00,GBIKE,381716,79.0,36.618278,127.285753,12,세종특별시
2026-06-15T11:05:08+09:00,GBIKE,376341,35.0,36.618313,127.285858,12,세종특별시
2026-06-15T11:05:08+09:00,GBIKE,333967,92.0,36.618813,127.290806,12,세종특별시
2026-06-15T11:05:08+09:00,GBIKE,394698,58.0,36.618883,127.284958,12,세종특별시
2026-06-15T11:05:08+09:00,GBIKE,620351,96.0,36.618988,127.318896,12,세종특별시
2026-06-15T11:05:08+09:00,GBIKE,367831,37.0,36.619861,127.290671,12,세종특별시
2026-06-15T11:05:08+09:00,GBIKE,349173,42.0,36.61987,127.310753,12,세종특별시
2026-06-15T11:05:08+09:00,GBIKE,367800,36.0,36.62091,127.282471,12,세종특별시
2026-06-15T11:05:08+09:00,GBIKE,362212,54.0,36.62096,127.290605,12,세종특별시
2026-06-15T11:05:08+09:00,GBIKE,373728,44.0,36.621121,127.290593,12,세종특별시
2026-06-15T11:05:08+09:00,GBIKE,377277,92.0,36.621166,127.290566,12,세종특별시
2026-06-15T11:05:08+09:00,GBIKE,374732,39.0,36.62144,127.358601,12,세종특별시
2026-06-15T11:05:08+09:00,GBIKE,381558,100.0,36.621485,127.321955,12,세종특별시
2026-06-15T11:05:08+09:00,GBIKE,337661,82.0,36.621506,127.290936,12,세종특별시
2026-06-15T11:05:08+09:00,GBIKE,379714,58.0,36.62151,127.290941,12,세종특별시
2026-06-15T11:05:08+09:00,GBIKE,343399,100.0,36.623003,127.290195,12,세종특별시
2026-06-15T11:05:08+09:00,GBIKE,383890,71.0,36.623335,127.286915,12,세종특별시
2026-06-15T11:05:08+09:00,GBIKE,625142,55.0,36.62373,127.286755,12,세종특별시
2026-06-15T11:05:08+09:00,GBIKE,332859,58.0,36.623761,127.286933,12,세종특별시
2026-06-15T11:05:08+09:00,GBIKE,385639,72.0,36.624126,127.33088,12,세종특별시
2026-06-15T11:05:08+09:00,GBIKE,632299,41.0,36.629276,127.333273,12,세종특별시
2026-06-15T11:05:08+09:00,GBIKE,620356,93.0,36.631625,127.328545,12,세종특별시
2026-06-15T11:05:08+09:00,GBIKE,612254,40.0,36.631632,127.328576,12,세종특별시
2026-06-15T11:05:08+09:00,GBIKE,602329,62.0,36.631713,127.32859,12,세종특별시
2026-06-15T11:05:08+09:00,GBIKE,368357,67.0,36.656701,127.369016,12,세종특별시
